1.000000e+00 0.000000e+00 0.000000e+00 0.000000e+00 0.000000e+00 1.000000e+00 0.000000e+00 -0.000000e+00 0.000000e+00 0.000000e+00 1.000000e+00 -0.000000e+00
9.998569e-01 1.308114e-03 1.686729e-02 -1.898153e-04 -1.321310e-03 9.999988e-01 7.712573e-04 -8.658414e-05 -1.686626e-02 -7.934339e-04 9.998574e-01 8.711305e-03
9.992335e-01 3.623527e-03 3.897670e-02 -3.648114e-04 -3.624592e-03 9.999934e-01 -4.333621e-05 -1.591853e-04 -3.897660e-02 -9.797162e-05 9.992401e-01 1.833628e-02
9.977348e-01 4.248198e-03 6.713598e-02 -4.121466e-04 -4.128001e-03 9.999896e-01 -1.928967e-03 -1.973799e-04 -6.714348e-02 1.647460e-03 9.977420e-01 2.865655e-02
9.947046e-01 3.602945e-03 1.027121e-01 -2.542551e-04 -3.118463e-03 9.999832e-01 -4.877075e-03 -2.333884e-04 -1.027279e-01 4.530945e-03 9.946992e-01 3.935063e-02
9.897305e-01 6.284348e-04 1.429448e-01 1.827058e-04 4.331063e-04 9.999726e-01 -7.394994e-03 -2.899947e-04 -1.429455e-01 7.380961e-03 9.897030e-01 4.965887e-02
9.829573e-01 -2.354435e-03 1.838189e-01 7.717224e-04 3.955900e-03 9.999573e-01 -8.345967e-03 -3.995174e-04 -1.837914e-01 8.930898e-03 9.829247e-01 5.941907e-02
9.745301e-01 -2.282033e-03 2.242453e-01 1.752428e-03 4.664101e-03 9.999382e-01 -1.009347e-02 -5.100114e-04 -2.242084e-01 1.088230e-02 9.744805e-01 6.978091e-02
9.642093e-01 -2.855501e-03 2.651270e-01 3.215192e-03 6.705206e-03 9.998848e-01 -1.361630e-02 -5.761756e-04 -2.650576e-01 1.490670e-02 9.641173e-01 8.062665e-02
9.507837e-01 -2.967908e-03 3.098413e-01 4.828270e-03 9.717801e-03 9.997478e-01 -2.024381e-02 -6.285016e-04 -3.097030e-01 2.225846e-02 9.505728e-01 9.128817e-02
9.344284e-01 -3.196361e-03 3.561368e-01 6.817712e-03 1.356429e-02 9.995536e-01 -2.661876e-02 -7.574379e-04 -3.558928e-01 2.970406e-02 9.340546e-01 1.016856e-01
9.161323e-01 -1.807381e-03 4.008720e-01 9.131733e-03 1.541505e-02 9.994091e-01 -3.072282e-02 -1.003132e-03 -4.005796e-01 3.432563e-02 9.156188e-01 1.115480e-01
8.949057e-01 1.112237e-03 4.462539e-01 1.175242e-02 1.646721e-02 9.992335e-01 -3.551339e-02 -1.373117e-03 -4.459513e-01 3.912970e-02 8.942015e-01 1.213614e-01
8.715485e-01 4.156974e-03 4.902918e-01 1.485861e-02 1.769277e-02 9.990462e-01 -3.992137e-02 -1.809100e-03 -4.899901e-01 4.346803e-02 8.706436e-01 1.312486e-01
8.459781e-01 7.128748e-03 5.331700e-01 1.811009e-02 1.917515e-02 9.988571e-01 -4.378032e-02 -2.214620e-03 -5.328728e-01 4.726081e-02 8.448745e-01 1.402399e-01
8.167916e-01 9.879817e-03 5.768482e-01 2.155218e-02 2.092323e-02 9.986883e-01 -4.673115e-02 -2.663825e-03 -5.765533e-01 5.023914e-02 8.155136e-01 1.486877e-01
7.810176e-01 1.195506e-02 6.243946e-01 2.470186e-02 2.359750e-02 9.985378e-01 -4.863534e-02 -3.111536e-03 -6.240630e-01 5.271920e-02 7.795935e-01 1.561318e-01
7.438194e-01 1.279922e-02 6.682581e-01 2.892160e-02 2.747048e-02 9.983864e-01 -4.969883e-02 -3.736462e-03 -6.678159e-01 5.532433e-02 7.422676e-01 1.633941e-01
7.049865e-01 1.346208e-02 7.090930e-01 3.381008e-02 3.154776e-02 9.982349e-01 -5.031647e-02 -4.398447e-03 -7.085188e-01 5.784273e-02 7.033174e-01 1.703363e-01
6.651231e-01 1.581156e-02 7.465663e-01 3.987874e-02 3.367626e-02 9.981235e-01 -5.114180e-02 -5.128389e-03 -7.459740e-01 5.915716e-02 6.633425e-01 1.773133e-01
6.246011e-01 1.667245e-02 7.807659e-01 4.639682e-02 3.673017e-02 9.980385e-01 -5.069567e-02 -5.840657e-03 -7.800797e-01 6.034224e-02 6.227636e-01 1.838495e-01
5.846652e-01 1.757212e-02 8.110843e-01 5.380402e-02 3.946278e-02 9.979659e-01 -5.006740e-02 -6.554610e-03 -8.103143e-01 6.128031e-02 5.827825e-01 1.901950e-01
5.450802e-01 1.888976e-02 8.381711e-01 6.162390e-02 4.283151e-02 9.978132e-01 -5.034182e-02 -7.300112e-03 -8.372891e-01 6.334047e-02 5.430791e-01 1.960790e-01
5.072774e-01 1.947230e-02 8.615628e-01 6.996710e-02 4.374726e-02 9.978739e-01 -4.831093e-02 -8.037709e-03 -8.606717e-01 6.219805e-02 5.053470e-01 2.016398e-01
4.710231e-01 1.789704e-02 8.819393e-01 7.854857e-02 4.626101e-02 9.979172e-01 -4.495748e-02 -8.764896e-03 -8.809070e-01 6.197541e-02 4.692141e-01 2.066986e-01
4.380031e-01 1.510544e-02 8.988466e-01 8.774470e-02 4.877430e-02 9.979868e-01 -4.053898e-02 -9.471118e-03 -8.976494e-01 6.159681e-02 4.363845e-01 2.116873e-01
4.098596e-01 1.230343e-02 9.120656e-01 9.715333e-02 5.153537e-02 9.979995e-01 -3.662136e-02 -1.012040e-02 -9.106916e-01 6.201326e-02 4.084056e-01 2.164411e-01
3.851735e-01 1.017309e-02 9.227881e-01 1.071207e-01 5.301517e-02 9.980439e-01 -3.313136e-02 -1.072951e-02 -9.213201e-01 6.168309e-02 3.838807e-01 2.210716e-01
3.663547e-01 9.394098e-03 9.304278e-01 1.173884e-01 5.447870e-02 9.980171e-01 -3.152743e-02 -1.137184e-02 -9.288790e-01 6.223873e-02 3.651165e-01 2.254953e-01
3.525818e-01 9.684386e-03 9.357309e-01 1.282531e-01 5.593299e-02 9.979405e-01 -3.140368e-02 -1.202441e-02 -9.341079e-01 6.341059e-02 3.513140e-01 2.298843e-01
3.412972e-01 1.070517e-02 9.398945e-01 1.394819e-01 5.725021e-02 9.978419e-01 -3.215405e-02 -1.267986e-02 -9.382103e-01 6.478325e-02 3.399478e-01 2.341553e-01
3.304930e-01 1.366910e-02 9.437095e-01 1.511767e-01 5.623925e-02 9.978332e-01 -3.414839e-02 -1.335636e-02 -9.421314e-01 6.435931e-02 3.290081e-01 2.382806e-01
3.202006e-01 1.638375e-02 9.472081e-01 1.633115e-01 5.522688e-02 9.978272e-01 -3.592857e-02 -1.407419e-02 -9.457386e-01 6.381570e-02 3.186001e-01 2.423720e-01
3.103092e-01 1.866078e-02 9.504525e-01 1.757144e-01 5.519779e-02 9.977668e-01 -3.761102e-02 -1.484735e-02 -9.490318e-01 6.413392e-02 3.085862e-01 2.463903e-01
3.008998e-01 2.136978e-02 9.534163e-01 1.884417e-01 5.433329e-02 9.977408e-01 -3.951095e-02 -1.568003e-02 -9.521067e-01 6.369108e-02 2.990589e-01 2.503301e-01
2.910309e-01 2.296789e-02 9.564379e-01 2.014990e-01 5.503432e-02 9.976545e-01 -4.070385e-02 -1.654207e-02 -9.551294e-01 6.448299e-02 2.890843e-01 2.543094e-01
2.816207e-01 2.428359e-02 9.592185e-01 2.145371e-01 5.582405e-02 9.975718e-01 -4.164415e-02 -1.742667e-02 -9.579005e-01 6.527532e-02 2.795813e-01 2.581563e-01
2.720030e-01 2.742194e-02 9.619056e-01 2.278188e-01 5.567007e-02 9.974714e-01 -4.417796e-02 -1.834147e-02 -9.606848e-01 6.556589e-02 2.697886e-01 2.619454e-01
2.617820e-01 3.165656e-02 9.646077e-01 2.411392e-01 5.461188e-02 9.973747e-01 -4.755286e-02 -1.930196e-02 -9.635807e-01 6.512753e-02 2.593659e-01 2.656036e-01
2.513175e-01 3.561880e-02 9.672491e-01 2.548322e-01 5.440140e-02 9.972231e-01 -5.085754e-02 -2.032459e-02 -9.663747e-01 6.540109e-02 2.486819e-01 2.692560e-01
2.397624e-01 3.775446e-02 9.700972e-01 2.691426e-01 5.476118e-02 9.971267e-01 -5.234078e-02 -2.142415e-02 -9.692859e-01 6.567302e-02 2.370060e-01 2.728474e-01
2.272139e-01 3.824147e-02 9.730937e-01 2.831056e-01 5.605074e-02 9.970587e-01 -5.227092e-02 -2.253616e-02 -9.722305e-01 6.641930e-02 2.244022e-01 2.761358e-01
2.142066e-01 3.740809e-02 9.760718e-01 2.970001e-01 5.702722e-02 9.970830e-01 -5.072842e-02 -2.360217e-02 -9.751223e-01 6.652903e-02 2.114485e-01 2.792735e-01
1.994088e-01 3.630126e-02 9.792438e-01 3.109245e-01 5.874605e-02 9.970733e-01 -4.892500e-02 -2.462820e-02 -9.781539e-01 6.728278e-02 1.966927e-01 2.822324e-01
1.807680e-01 3.487654e-02 9.829072e-01 3.249310e-01 5.954919e-02 9.971495e-01 -4.633369e-02 -2.560557e-02 -9.817214e-01 6.690697e-02 1.781759e-01 2.850545e-01
1.584325e-01 3.368841e-02 9.867949e-01 3.385293e-01 5.902981e-02 9.973069e-01 -4.352468e-02 -2.650021e-02 -9.856037e-01 6.514604e-02 1.560172e-01 2.876872e-01
1.317953e-01 3.330890e-02 9.907172e-01 3.518649e-01 5.870629e-02 9.974188e-01 -4.134393e-02 -2.734318e-02 -9.895371e-01 6.361026e-02 1.294996e-01 2.900554e-01
1.020371e-01 3.310848e-02 9.942295e-01 3.651649e-01 5.923495e-02 9.974703e-01 -3.929564e-02 -2.814930e-02 -9.930154e-01 6.290274e-02 9.981776e-02 2.921533e-01
7.224590e-02 3.263936e-02 9.968526e-01 3.787465e-01 6.073812e-02 9.974655e-01 -3.706136e-02 -2.894598e-02 -9.955357e-01 6.322449e-02 7.008034e-02 2.938797e-01
4.140767e-02 3.150598e-02 9.986455e-01 3.919185e-01 6.202915e-02 9.974936e-01 -3.404161e-02 -2.971354e-02 -9.972150e-01 6.335471e-02 3.934960e-02 2.951242e-01
1.208967e-02 2.933486e-02 9.994965e-01 4.054051e-01 6.321839e-02 9.975474e-01 -3.004233e-02 -3.042158e-02 -9.979265e-01 6.354977e-02 1.020552e-02 2.959073e-01
-1.597021e-02 2.554601e-02 9.995461e-01 4.191851e-01 6.543578e-02 9.975572e-01 -2.444968e-02 -3.109485e-02 -9.977290e-01 6.501561e-02 -1.760282e-02 2.965540e-01
-4.245661e-02 2.102809e-02 9.988770e-01 4.331875e-01 7.124730e-02 9.972969e-01 -1.796650e-02 -3.171524e-02 -9.965547e-01 7.040449e-02 -4.384004e-02 2.970059e-01
-6.697240e-02 1.657727e-02 9.976171e-01 4.479295e-01 7.792535e-02 9.968948e-01 -1.133395e-02 -3.231828e-02 -9.947072e-01 7.698060e-02 -6.805622e-02 2.971890e-01
-9.013956e-02 1.257795e-02 9.958497e-01 4.631366e-01 8.498039e-02 9.963706e-01 -4.892509e-03 -3.280825e-02 -9.922969e-01 8.418668e-02 -9.088129e-02 2.969457e-01
-1.126299e-01 9.253636e-03 9.935939e-01 4.781139e-01 9.188168e-02 9.957693e-01 1.141447e-03 -3.317139e-02 -9.893797e-01 9.142164e-02 -1.130036e-01 2.960711e-01
-1.336145e-01 6.458079e-03 9.910123e-01 4.932094e-01 9.940594e-02 9.950229e-01 6.918320e-03 -3.346040e-02 -9.860353e-01 9.943690e-02 -1.335915e-01 2.947957e-01
-1.507673e-01 -2.342619e-03 9.885665e-01 5.082301e-01 1.048544e-01 9.943183e-01 1.834770e-02 -3.362632e-02 -9.829928e-01 1.064218e-01 -1.496650e-01 2.934032e-01
-1.673554e-01 -1.482413e-02 9.857852e-01 5.212173e-01 1.082863e-01 9.935610e-01 3.332468e-02 -3.389323e-02 -9.799318e-01 1.123241e-01 -1.646726e-01 2.922371e-01
-1.809771e-01 -2.766372e-02 9.830982e-01 5.331113e-01 1.098841e-01 9.927767e-01 4.816448e-02 -3.414014e-02 -9.773294e-01 1.167436e-01 -1.766300e-01 2.910380e-01
-1.991233e-01 -3.946302e-02 9.791795e-01 5.455043e-01 1.109394e-01 9.918578e-01 6.253431e-02 -3.410892e-02 -9.736747e-01 1.210816e-01 -1.931240e-01 2.899110e-01
-2.177245e-01 -4.775715e-02 9.748412e-01 5.601909e-01 1.132061e-01 9.908251e-01 7.382406e-02 -3.340631e-02 -9.694227e-01 1.264313e-01 -2.103205e-01 2.876200e-01
-2.377457e-01 -5.083226e-02 9.699964e-01 5.751516e-01 1.132035e-01 9.903744e-01 7.964630e-02 -3.246135e-02 -9.647082e-01 1.287426e-01 -2.297029e-01 2.845727e-01
-2.591283e-01 -4.848075e-02 9.646254e-01 5.895915e-01 1.147508e-01 9.901201e-01 8.058769e-02 -3.155039e-02 -9.590020e-01 1.315740e-01 -2.510049e-01 2.813349e-01
-2.793759e-01 -4.154762e-02 9.592825e-01 6.042507e-01 1.167687e-01 9.901781e-01 7.689278e-02 -3.070265e-02 -9.530552e-01 1.334961e-01 -2.717804e-01 2.776644e-01
-2.974422e-01 -3.492140e-02 9.541010e-01 6.186371e-01 1.218830e-01 9.897653e-01 7.422393e-02 -2.998790e-02 -9.469280e-01 1.383660e-01 -2.901416e-01 2.738316e-01
-3.111068e-01 -3.411694e-02 9.497624e-01 6.332265e-01 1.224251e-01 9.895904e-01 7.564952e-02 -2.920049e-02 -9.424567e-01 1.398098e-01 -3.036915e-01 2.695539e-01
-3.223443e-01 -3.576750e-02 9.459465e-01 6.477237e-01 1.249795e-01 9.889303e-01 7.998124e-02 -2.837663e-02 -9.383359e-01 1.440054e-01 -3.143058e-01 2.650364e-01
-3.324136e-01 -3.813104e-02 9.423626e-01 6.619456e-01 1.245574e-01 9.886553e-01 8.394117e-02 -2.752435e-02 -9.348725e-01 1.452814e-01 -3.238930e-01 2.604053e-01
-3.418678e-01 -4.276484e-02 9.387745e-01 6.761676e-01 1.189579e-01 9.889588e-01 8.837111e-02 -2.658237e-02 -9.321885e-01 1.418859e-01 -3.330060e-01 2.555289e-01
-3.526143e-01 -4.207888e-02 9.348222e-01 6.902258e-01 1.171020e-01 9.891513e-01 8.869520e-02 -2.562187e-02 -9.284128e-01 1.407448e-01 -3.438614e-01 2.506351e-01
-3.604845e-01 -4.189003e-02 9.318241e-01 7.041563e-01 1.183025e-01 9.888704e-01 9.022094e-02 -2.464975e-02 -9.252326e-01 1.427604e-01 -3.515168e-01 2.456004e-01
-3.669171e-01 -4.264613e-02 9.292756e-01 7.182371e-01 1.201045e-01 9.884161e-01 9.278250e-02 -2.362126e-02 -9.224678e-01 1.456537e-01 -3.575447e-01 2.404085e-01
-3.693299e-01 -4.475935e-02 9.282198e-01 7.323107e-01 1.207123e-01 9.880662e-01 9.567547e-02 -2.251385e-02 -9.214250e-01 1.473834e-01 -3.595194e-01 2.349613e-01
-3.678340e-01 -4.712976e-02 9.286963e-01 7.460899e-01 1.205744e-01 9.878662e-01 9.788912e-02 -2.135779e-02 -9.220412e-01 1.479840e-01 -3.576882e-01 2.295407e-01
-3.629837e-01 -4.522127e-02 9.306975e-01 7.598428e-01 1.236262e-01 9.876544e-01 9.620451e-02 -2.018560e-02 -9.235580e-01 1.499793e-01 -3.529119e-01 2.241675e-01
-3.546214e-01 -4.536627e-02 9.339088e-01 7.730678e-01 1.231527e-01 9.878542e-01 9.474998e-02 -1.909113e-02 -9.268641e-01 1.486138e-01 -3.447272e-01 2.190894e-01
-3.439356e-01 -4.517839e-02 9.379058e-01 7.867496e-01 1.224067e-01 9.881614e-01 9.248643e-02 -1.799079e-02 -9.309806e-01 1.466153e-01 -3.343337e-01 2.139868e-01
-3.330306e-01 -4.559411e-02 9.418130e-01 8.003244e-01 1.220533e-01 9.883426e-01 9.100542e-02 -1.692460e-02 -9.349832e-01 1.452590e-01 -3.235834e-01 2.090905e-01
-3.237729e-01 -4.617751e-02 9.450073e-01 8.143313e-01 1.200612e-01 9.887286e-01 8.944862e-02 -1.584504e-02 -9.384862e-01 1.424198e-01 -3.145794e-01 2.041952e-01
-3.165753e-01 -4.713433e-02 9.473956e-01 8.286143e-01 1.156507e-01 9.893957e-01 8.786897e-02 -1.475108e-02 -9.414908e-01 1.373842e-01 -3.077672e-01 1.992417e-01
-3.122285e-01 -4.736607e-02 9.488255e-01 8.431173e-01 1.116882e-01 9.899998e-01 8.617458e-02 -1.368541e-02 -9.434188e-01 1.328788e-01 -3.038159e-01 1.943689e-01
-3.101714e-01 -4.652932e-02 9.495413e-01 8.582281e-01 1.093532e-01 9.904258e-01 8.425338e-02 -1.261990e-02 -9.443705e-01 1.299683e-01 -3.021136e-01 1.894326e-01
-3.086556e-01 -4.630634e-02 9.500460e-01 8.734725e-01 1.078496e-01 9.906692e-01 8.332507e-02 -1.155115e-02 -9.450398e-01 1.281808e-01 -3.007815e-01 1.845163e-01
-3.075424e-01 -4.556352e-02 9.504429e-01 8.888012e-01 1.074545e-01 9.908004e-01 8.226815e-02 -1.050192e-02 -9.454476e-01 1.274303e-01 -2.998171e-01 1.794771e-01
-3.056240e-01 -4.532325e-02 9.510730e-01 9.039220e-01 1.066453e-01 9.909518e-01 8.149378e-02 -9.456697e-03 -9.461611e-01 1.263339e-01 -2.980251e-01 1.745151e-01
-3.041377e-01 -4.409437e-02 9.516070e-01 9.191831e-01 1.066981e-01 9.910659e-01 8.002394e-02 -8.457384e-03 -9.466339e-01 1.258730e-01 -2.967158e-01 1.695771e-01
-3.029404e-01 -4.375370e-02 9.520046e-01 9.343381e-01 1.061889e-01 9.911752e-01 7.934467e-02 -7.480062e-03 -9.470750e-01 1.251290e-01 -2.956208e-01 1.647636e-01
-3.019492e-01 -4.244270e-02 9.523787e-01 9.493263e-01 1.056856e-01 9.913603e-01 7.768726e-02 -6.537136e-03 -9.474477e-01 1.241103e-01 -2.948549e-01 1.599396e-01
-3.004943e-01 -4.162250e-02 9.528750e-01 9.642279e-01 1.052541e-01 9.914984e-01 7.650206e-02 -5.626642e-03 -9.479582e-01 1.232824e-01 -2.935587e-01 1.551469e-01
-2.981139e-01 -4.152389e-02 9.536267e-01 9.790499e-01 1.040342e-01 9.916884e-01 7.570341e-02 -4.725071e-03 -9.488440e-01 1.217780e-01 -2.913162e-01 1.504256e-01
-2.953752e-01 -4.046284e-02 9.545241e-01 9.943007e-01 1.033293e-01 9.918890e-01 7.402177e-02 -3.769953e-03 -9.497771e-01 1.204945e-01 -2.887984e-01 1.455608e-01
-2.931573e-01 -3.836695e-02 9.552941e-01 1.009646e+00 1.033153e-01 9.920719e-01 7.154906e-02 -2.816586e-03 -9.504656e-01 1.196716e-01 -2.868692e-01 1.405671e-01
-2.907532e-01 -3.762170e-02 9.560581e-01 1.024853e+00 1.026911e-01 9.922278e-01 7.027508e-02 -1.938094e-03 -9.512713e-01 1.186114e-01 -2.846300e-01 1.356336e-01
-2.874560e-01 -3.773661e-02 9.570502e-01 1.040330e+00 1.020285e-01 9.923316e-01 6.977267e-02 -1.102966e-03 -9.523441e-01 1.177030e-01 -2.814014e-01 1.308290e-01
-2.838892e-01 -3.792453e-02 9.581068e-01 1.055501e+00 1.021221e-01 9.923384e-01 6.953852e-02 -3.034142e-04 -9.534034e-01 1.175851e-01 -2.778412e-01 1.262250e-01
-2.812913e-01 -3.854861e-02 9.588478e-01 1.070838e+00 1.022079e-01 9.923057e-01 6.987782e-02 4.795974e-04 -9.541639e-01 1.176578e-01 -2.751870e-01 1.216628e-01
-2.808580e-01 -4.040917e-02 9.588983e-01 1.086682e+00 1.022282e-01 9.921698e-01 7.175355e-02 1.308300e-03 -9.542894e-01 1.181790e-01 -2.745279e-01 1.170444e-01
-2.817671e-01 -4.286316e-02 9.585249e-01 1.102432e+00 1.024104e-01 9.919513e-01 7.446238e-02 2.178170e-03 -9.540018e-01 1.191440e-01 -2.751096e-01 1.124981e-01
-2.845361e-01 -4.405971e-02 9.576523e-01 1.118148e+00 1.018474e-01 9.919006e-01 7.589614e-02 3.068482e-03 -9.532399e-01 1.191296e-01 -2.777442e-01 1.080154e-01
-2.887767e-01 -4.163527e-02 9.564907e-01 1.133744e+00 1.028622e-01 9.919218e-01 7.423297e-02 3.975332e-03 -9.518547e-01 1.198235e-01 -2.821612e-01 1.034700e-01
-2.933337e-01 -3.858259e-02 9.552312e-01 1.149489e+00 1.033607e-01 9.920483e-01 7.180980e-02 4.870224e-03 -9.504062e-01 1.197976e-01 -2.870133e-01 9.882120e-02
-2.971363e-01 -3.828460e-02 9.540672e-01 1.165143e+00 1.014553e-01 9.922735e-01 7.141513e-02 5.744895e-03 -9.494297e-01 1.180152e-01 -2.909563e-01 9.401961e-02
-3.006514e-01 -4.017260e-02 9.528877e-01 1.180163e+00 1.034790e-01 9.918403e-01 7.446410e-02 6.605098e-03 -9.481038e-01 1.209916e-01 -2.940412e-01 8.941725e-02
-3.041055e-01 -4.223627e-02 9.517016e-01 1.195452e+00 1.026952e-01 9.917415e-01 7.682831e-02 7.526057e-03 -9.470869e-01 1.210991e-01 -2.972565e-01 8.469627e-02
-3.069039e-01 -4.374623e-02 9.507346e-01 1.210636e+00 1.027518e-01 9.915813e-01 7.879472e-02 8.428875e-03 -9.461776e-01 1.218721e-01 -2.998251e-01 8.000736e-02
-3.088191e-01 -4.453554e-02 9.500775e-01 1.225812e+00 1.019602e-01 9.915968e-01 7.962356e-02 9.354949e-03 -9.456399e-01 1.214594e-01 -3.016832e-01 7.533727e-02
-3.112553e-01 -4.287258e-02 9.493588e-01 1.241237e+00 1.031309e-01 9.915581e-01 7.859062e-02 1.028942e-02 -9.447138e-01 1.223700e-01 -3.042063e-01 7.049191e-02
-3.120526e-01 -3.447072e-02 9.494393e-01 1.257133e+00 1.053248e-01 9.919264e-01 7.063043e-02 1.123679e-02 -9.442086e-01 1.220400e-01 -3.059026e-01 6.540665e-02
-3.127552e-01 -2.594218e-02 9.494794e-01 1.272996e+00 1.046916e-01 9.925948e-01 6.160525e-02 1.202784e-02 -9.440465e-01 1.186699e-01 -3.077232e-01 6.021646e-02
-3.134421e-01 -2.363171e-02 9.493132e-01 1.288588e+00 1.063200e-01 9.925314e-01 5.981207e-02 1.266581e-02 -9.436366e-01 1.196786e-01 -3.085886e-01 5.523016e-02
-3.133193e-01 -2.885916e-02 9.492092e-01 1.303898e+00 1.065916e-01 9.921531e-01 6.534904e-02 1.339377e-02 -9.436468e-01 1.216528e-01 -3.077846e-01 5.015735e-02
-3.140619e-01 -3.461876e-02 9.487711e-01 1.319086e+00 1.077379e-01 9.915800e-01 7.184415e-02 1.424005e-02 -9.432697e-01 1.247822e-01 -3.076878e-01 4.506063e-02
-3.143432e-01 -3.393147e-02 9.487028e-01 1.333554e+00 1.123604e-01 9.910064e-01 7.267401e-02 1.503678e-02 -9.426365e-01 1.294412e-01 -3.077036e-01 4.024845e-02
-3.140971e-01 -3.203744e-02 9.488502e-01 1.347972e+00 1.160561e-01 9.906393e-01 7.186639e-02 1.583394e-02 -9.422707e-01 1.326929e-01 -3.074388e-01 3.547316e-02
-3.131331e-01 -2.900805e-02 9.492661e-01 1.361981e+00 1.155938e-01 9.909379e-01 6.841224e-02 1.654557e-02 -9.426483e-01 1.311514e-01 -3.069423e-01 3.077237e-02
-3.110348e-01 -2.440867e-02 9.500850e-01 1.376191e+00 1.153422e-01 9.913115e-01 6.322804e-02 1.720435e-02 -9.433735e-01 1.292510e-01 -3.055170e-01 2.602114e-02
-3.088480e-01 -2.011410e-02 9.508987e-01 1.391038e+00 1.122263e-01 9.920214e-01 5.743458e-02 1.782339e-02 -9.444671e-01 1.244544e-01 -3.041265e-01 2.096843e-02
-3.067201e-01 -2.065354e-02 9.515757e-01 1.405473e+00 1.064559e-01 9.927470e-01 5.586094e-02 1.832401e-02 -9.458277e-01 1.184345e-01 -3.022967e-01 1.607163e-02
-3.038037e-01 -2.031459e-02 9.525180e-01 1.420185e+00 1.019423e-01 9.933399e-01 5.369950e-02 1.883982e-02 -9.472651e-01 1.134160e-01 -2.997094e-01 1.117958e-02
-3.018987e-01 -1.803277e-02 9.531694e-01 1.435100e+00 1.058285e-01 9.930078e-01 5.230568e-02 1.932225e-02 -9.474479e-01 1.166635e-01 -2.978794e-01 6.345591e-03
-2.985760e-01 -1.841008e-02 9.542083e-01 1.450074e+00 1.092889e-01 9.925774e-01 5.334735e-02 1.982446e-02 -9.481077e-01 1.202126e-01 -2.943478e-01 1.581455e-03
-2.926158e-01 -2.011717e-02 9.560185e-01 1.464818e+00 1.113222e-01 9.922638e-01 5.495309e-02 2.040734e-02 -9.497281e-01 1.225062e-01 -2.881125e-01 -3.198064e-03
-2.849896e-01 -1.892975e-02 9.583437e-01 1.479777e+00 1.152051e-01 9.918809e-01 5.385156e-02 2.104094e-02 -9.515822e-01 1.257532e-01 -2.804950e-01 -7.937939e-03
-2.764657e-01 -1.744969e-02 9.608653e-01 1.494950e+00 1.206944e-01 9.912883e-01 5.272908e-02 2.165386e-02 -9.534147e-01 1.305489e-01 -2.719511e-01 -1.263685e-02
-2.644763e-01 -1.720374e-02 9.642387e-01 1.510360e+00 1.204447e-01 9.914232e-01 5.072495e-02 2.222314e-02 -9.568413e-01 1.295530e-01 -2.601359e-01 -1.737282e-02
-2.516288e-01 -1.583021e-02 9.676943e-01 1.525901e+00 1.199185e-01 9.916513e-01 4.740442e-02 2.276050e-02 -9.603658e-01 1.279727e-01 -2.476297e-01 -2.191412e-02
-2.382230e-01 -1.251069e-02 9.711299e-01 1.541330e+00 1.207688e-01 9.917747e-01 4.240185e-02 2.321070e-02 -9.636725e-01 1.273833e-01 -2.347527e-01 -2.609136e-02
-2.259985e-01 -1.237644e-02 9.740490e-01 1.557012e+00 1.210629e-01 9.918105e-01 4.069109e-02 2.364782e-02 -9.665756e-01 1.271173e-01 -2.226493e-01 -3.023063e-02
-2.125075e-01 -1.064862e-02 9.771014e-01 1.572873e+00 1.228417e-01 9.917166e-01 3.752445e-02 2.399476e-02 -9.694073e-01 1.280030e-01 -2.094391e-01 -3.405393e-02
-1.986156e-01 -1.091181e-02 9.800167e-01 1.588783e+00 1.242049e-01 9.915956e-01 3.621278e-02 2.431007e-02 -9.721754e-01 1.289153e-01 -1.955911e-01 -3.772116e-02
-1.848944e-01 -1.568538e-02 9.826332e-01 1.604027e+00 1.234793e-01 9.915780e-01 3.906230e-02 2.460374e-02 -9.749702e-01 1.285573e-01 -1.814004e-01 -4.098654e-02
-1.725959e-01 -2.334373e-02 9.847161e-01 1.618778e+00 1.243485e-01 9.912043e-01 4.529269e-02 2.495069e-02 -9.771121e-01 1.302653e-01 -1.681750e-01 -4.406107e-02
-1.591713e-01 -2.727902e-02 9.868740e-01 1.634107e+00 1.246282e-01 9.910661e-01 4.749598e-02 2.541532e-02 -9.793530e-01 1.305524e-01 -1.543495e-01 -4.696013e-02
-1.457056e-01 -2.425913e-02 9.890305e-01 1.649404e+00 1.257288e-01 9.911395e-01 4.283345e-02 2.587462e-02 -9.813063e-01 1.305907e-01 -1.413646e-01 -4.955367e-02
-1.312663e-01 -2.069912e-02 9.911310e-01 1.664815e+00 1.261632e-01 9.913038e-01 3.741189e-02 2.627055e-02 -9.832863e-01 1.299552e-01 -1.275133e-01 -5.206715e-02
-1.186412e-01 -2.148347e-02 9.927048e-01 1.680369e+00 1.265527e-01 9.912853e-01 3.657745e-02 2.654385e-02 -9.848394e-01 1.299691e-01 -1.148884e-01 -5.436139e-02
-1.100624e-01 -2.678400e-02 9.935637e-01 1.696036e+00 1.255691e-01 9.912525e-01 4.063166e-02 2.679733e-02 -9.859608e-01 1.292330e-01 -1.057363e-01 -5.659270e-02
-1.043644e-01 -3.241388e-02 9.940108e-01 1.711398e+00 1.235291e-01 9.913067e-01 4.529542e-02 2.706715e-02 -9.868377e-01 1.275165e-01 -9.945306e-02 -5.871975e-02
-1.001499e-01 -3.531707e-02 9.943454e-01 1.727519e+00 1.225423e-01 9.913235e-01 4.755212e-02 2.754289e-02 -9.873973e-01 1.266117e-01 -9.495309e-02 -6.064005e-02
-9.521267e-02 -3.527040e-02 9.948319e-01 1.743504e+00 1.211590e-01 9.915316e-01 4.674920e-02 2.804582e-02 -9.880562e-01 1.249840e-01 -9.013305e-02 -6.257369e-02
-8.846545e-02 -3.461352e-02 9.954777e-01 1.759481e+00 1.219547e-01 9.915008e-01 4.531303e-02 2.852728e-02 -9.885853e-01 1.254118e-01 -8.349228e-02 -6.428784e-02
-8.160515e-02 -3.055473e-02 9.961963e-01 1.775339e+00 1.214418e-01 9.917774e-01 4.036732e-02 2.900642e-02 -9.892383e-01 1.242740e-01 -7.722352e-02 -6.595085e-02
-7.633722e-02 -2.649736e-02 9.967299e-01 1.791976e+00 1.221735e-01 9.918656e-01 3.572503e-02 2.944974e-02 -9.895687e-01 1.245011e-01 -7.247899e-02 -6.765058e-02
-7.005024e-02 -2.382361e-02 9.972589e-01 1.808326e+00 1.215524e-01 9.920614e-01 3.223762e-02 2.977134e-02 -9.901101e-01 1.234774e-01 -6.659832e-02 -6.925133e-02
-6.257907e-02 -2.372001e-02 9.977581e-01 1.824454e+00 1.171133e-01 9.926364e-01 3.094356e-02 2.999825e-02 -9.911450e-01 1.187872e-01 -5.934033e-02 -7.090317e-02
-5.441914e-02 -2.565771e-02 9.981885e-01 1.840352e+00 1.123562e-01 9.931637e-01 3.165397e-02 3.020909e-02 -9.921767e-01 1.138753e-01 -5.116431e-02 -7.239986e-02
-4.646576e-02 -2.989466e-02 9.984725e-01 1.856897e+00 1.128857e-01 9.929919e-01 3.498391e-02 3.056000e-02 -9.925209e-01 1.143388e-01 -4.276545e-02 -7.359834e-02
-3.880757e-02 -3.245777e-02 9.987194e-01 1.873059e+00 1.148092e-01 9.927085e-01 3.672360e-02 3.093030e-02 -9.926292e-01 1.160873e-01 -3.479815e-02 -7.456644e-02
-3.058492e-02 -3.035994e-02 9.990710e-01 1.889583e+00 1.146043e-01 9.928402e-01 3.367902e-02 3.129399e-02 -9.929403e-01 1.155279e-01 -2.688655e-02 -7.533231e-02
-2.232923e-02 -2.559726e-02 9.994229e-01 1.906570e+00 1.146855e-01 9.930073e-01 2.799526e-02 3.161181e-02 -9.931509e-01 1.152444e-01 -1.923745e-02 -7.615291e-02
-1.444344e-02 -2.293145e-02 9.996327e-01 1.923453e+00 1.148030e-01 9.930876e-01 2.444007e-02 3.183277e-02 -9.932833e-01 1.151139e-01 -1.171100e-02 -7.687316e-02
-7.295158e-03 -2.602735e-02 9.996346e-01 1.939553e+00 1.162240e-01 9.928641e-01 2.669925e-02 3.202797e-02 -9.931962e-01 1.163764e-01 -4.218096e-03 -7.737520e-02
5.474330e-04 -2.813388e-02 9.996040e-01 1.955683e+00 1.185012e-01 9.925627e-01 2.787081e-02 3.223062e-02 -9.929538e-01 1.184390e-01 3.877259e-03 -7.769690e-02
8.626700e-03 -2.814940e-02 9.995665e-01 1.971716e+00 1.184655e-01 9.925929e-01 2.693061e-02 3.239841e-02 -9.929207e-01 1.181818e-01 1.189753e-02 -7.780104e-02
1.752141e-02 -2.749638e-02 9.994683e-01 1.987443e+00 1.183539e-01 9.926508e-01 2.523399e-02 3.253679e-02 -9.928169e-01 1.178488e-01 2.064694e-02 -7.763764e-02
2.581208e-02 -2.663951e-02 9.993118e-01 2.003271e+00 1.198884e-01 9.925125e-01 2.336155e-02 3.270320e-02 -9.924518e-01 1.192029e-01 2.881258e-02 -7.737073e-02
3.347201e-02 -2.709531e-02 9.990723e-01 2.018816e+00 1.210310e-01 9.923855e-01 2.285905e-02 3.284909e-02 -9.920842e-01 1.201536e-01 3.649651e-02 -7.703944e-02
4.032124e-02 -2.695594e-02 9.988231e-01 2.034634e+00 1.223977e-01 9.922409e-01 2.183725e-02 3.294946e-02 -9.916617e-01 1.213732e-01 4.330773e-02 -7.665388e-02
4.833037e-02 -2.643265e-02 9.984816e-01 2.050891e+00 1.189178e-01 9.926920e-01 2.052330e-02 3.299245e-02 -9.917271e-01 1.177453e-01 5.112048e-02 -7.607347e-02
5.482181e-02 -2.500568e-02 9.981830e-01 2.067285e+00 1.163284e-01 9.930387e-01 1.848787e-02 3.304161e-02 -9.916967e-01 1.151035e-01 5.734905e-02 -7.541131e-02
5.936275e-02 -2.408089e-02 9.979460e-01 2.083185e+00 1.183413e-01 9.928288e-01 1.691789e-02 3.303552e-02 -9.911969e-01 1.170940e-01 6.178681e-02 -7.463167e-02
6.461952e-02 -2.340132e-02 9.976356e-01 2.099183e+00 1.197839e-01 9.926786e-01 1.552632e-02 3.298487e-02 -9.906948e-01 1.184974e-01 6.694951e-02 -7.364797e-02
7.040302e-02 -2.379408e-02 9.972348e-01 2.115043e+00 1.202238e-01 9.926305e-01 1.519663e-02 3.291794e-02 -9.902473e-01 1.188215e-01 7.274480e-02 -7.262428e-02
7.753426e-02 -2.171380e-02 9.967532e-01 2.130341e+00 1.256776e-01 9.920006e-01 1.183420e-02 3.283631e-02 -9.890367e-01 1.243519e-01 7.964297e-02 -7.137301e-02
8.364970e-02 -1.919138e-02 9.963104e-01 2.146025e+00 1.329725e-01 9.910880e-01 7.926480e-03 3.269798e-02 -9.875834e-01 1.318188e-01 8.545614e-02 -7.012829e-02
8.867721e-02 -1.807468e-02 9.958964e-01 2.161600e+00 1.348934e-01 9.908421e-01 5.971684e-03 3.253964e-02 -9.868840e-01 1.338103e-01 9.030327e-02 -6.896900e-02
9.352516e-02 -1.949870e-02 9.954260e-01 2.176947e+00 1.317333e-01 9.912602e-01 7.040116e-03 3.238771e-02 -9.868634e-01 1.304723e-01 9.527639e-02 -6.782175e-02
9.816827e-02 -2.095521e-02 9.949492e-01 2.191984e+00 1.300767e-01 9.914713e-01 8.047728e-03 3.220790e-02 -9.866322e-01 1.286297e-01 1.000568e-01 -6.653290e-02
1.011183e-01 -2.039548e-02 9.946653e-01 2.206752e+00 1.285313e-01 9.916788e-01 7.267673e-03 3.199987e-02 -9.865368e-01 1.271107e-01 1.028983e-01 -6.507792e-02
1.034290e-01 -1.898307e-02 9.944557e-01 2.221730e+00 1.285237e-01 9.916908e-01 5.563104e-03 3.177399e-02 -9.862982e-01 1.272357e-01 1.050094e-01 -6.359439e-02
1.060274e-01 -1.373657e-02 9.942683e-01 2.237179e+00 1.296634e-01 9.915581e-01 -1.279990e-04 3.148578e-02 -9.858730e-01 1.289337e-01 1.069134e-01 -6.188690e-02
1.094928e-01 -8.547332e-03 9.939508e-01 2.253049e+00 1.296544e-01 9.915425e-01 -5.755995e-03 3.110638e-02 -9.854953e-01 1.295003e-01 1.096750e-01 -6.008168e-02
1.116687e-01 -6.485230e-03 9.937243e-01 2.268560e+00 1.296846e-01 9.915222e-01 -8.102310e-03 3.065723e-02 -9.852472e-01 1.297755e-01 1.115630e-01 -5.830921e-02
1.141888e-01 -1.055062e-02 9.934030e-01 2.284226e+00 1.287617e-01 9.916664e-01 -4.268599e-03 3.023543e-02 -9.850794e-01 1.283997e-01 1.145957e-01 -5.657340e-02
1.158531e-01 -1.354270e-02 9.931740e-01 2.299542e+00 1.291750e-01 9.916206e-01 -1.546661e-03 2.983665e-02 -9.848309e-01 1.284724e-01 1.166317e-01 -5.472382e-02
1.179516e-01 -1.247947e-02 9.929409e-01 2.315043e+00 1.272890e-01 9.918621e-01 -2.654772e-03 2.947304e-02 -9.848274e-01 1.267036e-01 1.185803e-01 -5.293054e-02
1.196261e-01 -1.149202e-02 9.927525e-01 2.331297e+00 1.256783e-01 9.920643e-01 -3.660111e-03 2.913440e-02 -9.848322e-01 1.252053e-01 1.201210e-01 -5.104565e-02
1.208680e-01 -1.125997e-02 9.926047e-01 2.347269e+00 1.276437e-01 9.918108e-01 -4.292013e-03 2.873388e-02 -9.844278e-01 1.272185e-01 1.213154e-01 -4.900433e-02
1.238241e-01 -1.358481e-02 9.922112e-01 2.363110e+00 1.258497e-01 9.920470e-01 -2.122989e-03 2.835249e-02 -9.842913e-01 1.251324e-01 1.245489e-01 -4.700469e-02
1.275901e-01 -1.498957e-02 9.917137e-01 2.378915e+00 1.223677e-01 9.924846e-01 -7.421368e-04 2.798080e-02 -9.842494e-01 1.214484e-01 1.284654e-01 -4.491583e-02
1.322336e-01 -1.721557e-02 9.910691e-01 2.394687e+00 1.210244e-01 9.926489e-01 1.095299e-03 2.765754e-02 -9.838025e-01 1.197987e-01 1.333451e-01 -4.271424e-02
1.345166e-01 -2.025778e-02 9.907042e-01 2.410428e+00 1.203373e-01 9.927252e-01 3.959840e-03 2.736718e-02 -9.835772e-01 1.186860e-01 1.359758e-01 -4.046810e-02
1.371959e-01 -2.092875e-02 9.903228e-01 2.425962e+00 1.200241e-01 9.927614e-01 4.352562e-03 2.709002e-02 -9.832454e-01 1.182655e-01 1.387147e-01 -3.837273e-02
1.406202e-01 -2.155311e-02 9.898290e-01 2.441356e+00 1.185320e-01 9.929387e-01 4.781562e-03 2.681359e-02 -9.829426e-01 1.166540e-01 1.421820e-01 -3.626385e-02
1.430450e-01 -1.934739e-02 9.895271e-01 2.456613e+00 1.219454e-01 9.925352e-01 1.777915e-03 2.651541e-02 -9.821749e-01 1.204139e-01 1.443365e-01 -3.425489e-02
1.481258e-01 -1.621474e-02 9.888356e-01 2.471715e+00 1.225792e-01 9.924565e-01 -2.088036e-03 2.628260e-02 -9.813425e-01 1.215200e-01 1.489960e-01 -3.234047e-02
1.502507e-01 -1.220594e-02 9.885726e-01 2.487248e+00 1.230920e-01 9.923743e-01 -6.455572e-03 2.602719e-02 -9.809552e-01 1.226553e-01 1.506074e-01 -3.030910e-02
1.542983e-01 -1.237287e-02 9.879468e-01 2.502696e+00 1.240757e-01 9.922484e-01 -6.951491e-03 2.565130e-02 -9.802027e-01 1.236528e-01 1.546374e-01 -2.821521e-02
1.587231e-01 -1.696503e-02 9.871774e-01 2.518225e+00 1.250090e-01 9.921509e-01 -3.049043e-03 2.519010e-02 -9.793772e-01 1.238900e-01 1.595981e-01 -2.601325e-02
1.639611e-01 -1.955188e-02 9.862730e-01 2.533025e+00 1.247522e-01 9.921873e-01 -1.070076e-03 2.486482e-02 -9.785467e-01 1.232152e-01 1.651192e-01 -2.390818e-02
1.726771e-01 -2.090317e-02 9.847567e-01 2.547138e+00 1.241210e-01 9.922668e-01 -7.020365e-04 2.469073e-02 -9.771267e-01 1.223502e-01 1.739363e-01 -2.191609e-02
1.809746e-01 -1.775093e-02 9.833276e-01 2.561831e+00 1.249597e-01 9.921488e-01 -5.087788e-03 2.448976e-02 -9.755169e-01 1.237970e-01 1.817719e-01 -1.968571e-02
1.904963e-01 -1.746477e-02 9.815325e-01 2.576247e+00 1.259720e-01 9.920105e-01 -6.797493e-03 2.418890e-02 -9.735719e-01 1.249405e-01 1.911744e-01 -1.751442e-02
2.004791e-01 -2.016481e-02 9.794904e-01 2.590481e+00 1.271768e-01 9.918642e-01 -5.610598e-03 2.391434e-02 -9.714084e-01 1.256932e-01 2.014125e-01 -1.518429e-02
2.123958e-01 -2.151808e-02 9.769468e-01 2.604949e+00 1.265653e-01 9.919421e-01 -5.667920e-03 2.365491e-02 -9.689526e-01 1.248514e-01 2.134078e-01 -1.270653e-02
2.239172e-01 -2.247108e-02 9.743491e-01 2.618979e+00 1.283646e-01 9.917049e-01 -6.628380e-03 2.343368e-02 -9.661178e-01 1.265561e-01 2.249442e-01 -1.013464e-02
2.357693e-01 -2.426912e-02 9.715060e-01 2.633108e+00 1.288212e-01 9.916466e-01 -6.490637e-03 2.311217e-02 -9.632331e-01 1.266808e-01 2.369262e-01 -7.239598e-03
2.471280e-01 -2.922699e-02 9.685420e-01 2.647465e+00 1.280315e-01 9.917663e-01 -2.740025e-03 2.268507e-02 -9.604872e-01 1.246810e-01 2.488352e-01 -4.015847e-03
2.580646e-01 -3.524369e-02 9.654846e-01 2.661842e+00 1.265323e-01 9.919596e-01 2.389290e-03 2.227228e-02 -9.578060e-01 1.215484e-01 2.604491e-01 -6.333270e-04
2.707367e-01 -4.096008e-02 9.617816e-01 2.675579e+00 1.260864e-01 9.919963e-01 6.754168e-03 2.203611e-02 -9.543604e-01 1.194390e-01 2.737343e-01 2.780559e-03
2.820919e-01 -4.074559e-02 9.585217e-01 2.689498e+00 1.263561e-01 9.919724e-01 4.981067e-03 2.192434e-02 -9.510301e-01 1.197100e-01 2.849759e-01 6.339163e-03
2.920154e-01 -3.597119e-02 9.557369e-01 2.703809e+00 1.224105e-01 9.924796e-01 -4.717127e-05 2.172559e-02 -9.485477e-01 1.170060e-01 2.942226e-01 1.019663e-02
3.007170e-01 -3.329098e-02 9.531322e-01 2.717890e+00 1.187414e-01 9.929213e-01 -2.782641e-03 2.148701e-02 -9.462926e-01 1.140130e-01 3.025413e-01 1.408800e-02
3.074812e-01 -3.852518e-02 9.507740e-01 2.732362e+00 1.176061e-01 9.930579e-01 2.204603e-03 2.120008e-02 -9.442585e-01 1.111389e-01 3.098774e-01 1.852657e-02
3.126157e-01 -4.374000e-02 9.488721e-01 2.747031e+00 1.161707e-01 9.932009e-01 7.509761e-03 2.099545e-02 -9.427491e-01 1.078835e-01 3.155715e-01 2.314385e-02
3.150677e-01 -4.397692e-02 9.480498e-01 2.761833e+00 1.126641e-01 9.935955e-01 8.647718e-03 2.086530e-02 -9.423583e-01 1.040865e-01 3.180044e-01 2.776098e-02
3.150132e-01 -3.804158e-02 9.483246e-01 2.776774e+00 1.100574e-01 9.939197e-01 3.311899e-03 2.067577e-02 -9.426845e-01 1.033268e-01 3.172846e-01 3.238508e-02
3.142845e-01 -3.352786e-02 9.487366e-01 2.791936e+00 1.083970e-01 9.941074e-01 -7.770419e-04 2.041342e-02 -9.431200e-01 1.030844e-01 3.160669e-01 3.720567e-02
3.125494e-01 -3.026848e-02 9.494191e-01 2.807876e+00 1.077789e-01 9.941677e-01 -3.785795e-03 2.010460e-02 -9.437672e-01 1.035106e-01 3.139888e-01 4.232690e-02
3.095430e-01 -3.047628e-02 9.503969e-01 2.823560e+00 1.096536e-01 9.939624e-01 -3.840732e-03 1.971835e-02 -9.445418e-01 1.054033e-01 3.110159e-01 4.729863e-02
3.048945e-01 -3.016940e-02 9.519081e-01 2.838993e+00 1.097296e-01 9.939548e-01 -3.644201e-03 1.935974e-02 -9.460437e-01 1.055636e-01 3.063619e-01 5.224570e-02
3.000786e-01 -2.829186e-02 9.534948e-01 2.853979e+00 1.085461e-01 9.940805e-01 -4.664927e-03 1.898910e-02 -9.477186e-01 1.048980e-01 3.013733e-01 5.679709e-02
2.952507e-01 -2.820888e-02 9.550033e-01 2.869034e+00 1.083173e-01 9.941078e-01 -4.123628e-03 1.864836e-02 -9.492599e-01 1.046609e-01 2.965665e-01 6.130345e-02
2.903985e-01 -2.649480e-02 9.565389e-01 2.884061e+00 1.074327e-01 9.941994e-01 -5.077862e-03 1.834457e-02 -9.508559e-01 1.042381e-01 2.915605e-01 6.572438e-02
2.858461e-01 -2.464073e-02 9.579587e-01 2.899025e+00 1.092530e-01 9.939891e-01 -7.032589e-03 1.796232e-02 -9.520272e-01 1.066701e-01 2.868199e-01 7.017988e-02
2.817435e-01 -2.455506e-02 9.591755e-01 2.914128e+00 1.093733e-01 9.939783e-01 -6.680769e-03 1.759429e-02 -9.532356e-01 1.067905e-01 2.827326e-01 7.444077e-02
2.778419e-01 -2.564589e-02 9.602844e-01 2.928784e+00 1.097121e-01 9.939498e-01 -5.198367e-03 1.721581e-02 -9.543412e-01 1.067992e-01 2.789746e-01 7.855921e-02
2.745756e-01 -2.798099e-02 9.611583e-01 2.943618e+00 1.098804e-01 9.939418e-01 -2.454348e-03 1.687691e-02 -9.552667e-01 1.062864e-01 2.759867e-01 8.276981e-02
2.728550e-01 -3.014214e-02 9.615829e-01 2.958151e+00 1.099302e-01 9.939393e-01 -3.694870e-05 1.658653e-02 -9.557539e-01 1.057170e-01 2.745148e-01 8.688321e-02
2.715747e-01 -3.204215e-02 9.618838e-01 2.972600e+00 1.121079e-01 9.936950e-01 1.449702e-03 1.635644e-02 -9.558656e-01 1.074411e-01 2.734546e-01 9.091045e-02
2.728683e-01 -3.132671e-02 9.615412e-01 2.986781e+00 1.157718e-01 9.932757e-01 -4.933720e-04 1.611361e-02 -9.550601e-01 1.114540e-01 2.746602e-01 9.491007e-02
2.760991e-01 -2.895710e-02 9.606929e-01 3.000894e+00 1.185479e-01 9.929397e-01 -4.141079e-03 1.588838e-02 -9.537902e-01 1.150314e-01 2.775825e-01 9.870616e-02
2.834793e-01 -2.960056e-02 9.585214e-01 3.014860e+00 1.198234e-01 9.927837e-01 -4.778733e-03 1.569491e-02 -9.514630e-01 1.162080e-01 2.849805e-01 1.025068e-01
2.940578e-01 -3.109003e-02 9.552819e-01 3.028725e+00 1.217784e-01 9.925438e-01 -5.183455e-03 1.548937e-02 -9.479979e-01 1.178569e-01 2.956513e-01 1.062897e-01
3.070131e-01 -3.206617e-02 9.511649e-01 3.042459e+00 1.241036e-01 9.922473e-01 -6.606504e-03 1.526370e-02 -9.435789e-01 1.200713e-01 3.086125e-01 1.101474e-01
3.202253e-01 -2.967021e-02 9.468767e-01 3.055975e+00 1.235377e-01 9.922823e-01 -1.068635e-02 1.499433e-02 -9.392519e-01 1.203970e-01 3.214193e-01 1.139947e-01
3.345898e-01 -2.401085e-02 9.420579e-01 3.069364e+00 1.203297e-01 9.925808e-01 -1.743884e-02 1.463562e-02 -9.346499e-01 1.191924e-01 3.349966e-01 1.178721e-01
3.488300e-01 -1.806467e-02 9.370119e-01 3.082633e+00 1.192858e-01 9.925383e-01 -2.527248e-02 1.417918e-02 -9.295636e-01 1.205881e-01 3.483820e-01 1.219924e-01
3.629983e-01 -1.179078e-02 9.317152e-01 3.096083e+00 1.189339e-01 9.923274e-01 -3.377908e-02 1.354222e-02 -9.241682e-01 1.230742e-01 3.616155e-01 1.265063e-01
3.788077e-01 -5.457487e-03 9.254593e-01 3.109849e+00 1.184469e-01 9.920448e-01 -4.263236e-02 1.276442e-02 -9.178644e-01 1.257672e-01 3.764406e-01 1.314258e-01
3.944507e-01 -5.290581e-04 9.189169e-01 3.123708e+00 1.178931e-01 9.917649e-01 -5.003532e-02 1.184432e-02 -9.113231e-01 1.280704e-01 3.912648e-01 1.366890e-01
4.101587e-01 1.391115e-03 9.120131e-01 3.137497e+00 1.175602e-01 9.915756e-01 -5.438270e-02 1.091161e-02 -9.044056e-01 1.295220e-01 4.065398e-01 1.420969e-01
4.262305e-01 1.745821e-03 9.046129e-01 3.151270e+00 1.180220e-01 9.913435e-01 -5.752214e-02 9.927475e-03 -8.968826e-01 1.312819e-01 4.223348e-01 1.478400e-01
4.423085e-01 2.572017e-03 8.968593e-01 3.164732e+00 1.172467e-01 9.912481e-01 -6.066582e-02 8.888500e-03 -8.891661e-01 1.319868e-01 4.381359e-01 1.537805e-01
4.581030e-01 5.869535e-03 8.888798e-01 3.178118e+00 1.130564e-01 9.914724e-01 -6.481300e-02 7.776021e-03 -8.816802e-01 1.301846e-01 4.535329e-01 1.599279e-01
4.717964e-01 9.898963e-03 8.816520e-01 3.191413e+00 1.106563e-01 9.913660e-01 -7.034605e-02 6.559540e-03 -8.747362e-01 1.307493e-01 4.666275e-01 1.664738e-01
4.827528e-01 1.100774e-02 8.756875e-01 3.204942e+00 1.126475e-01 9.908340e-01 -7.455599e-02 5.217205e-03 -8.684816e-01 1.346362e-01 4.770878e-01 1.734007e-01
4.931066e-01 1.082835e-02 8.699015e-01 3.218246e+00 1.124352e-01 9.907432e-01 -7.606684e-02 3.822410e-03 -8.626727e-01 1.353166e-01 4.873245e-01 1.803596e-01
5.032720e-01 9.364757e-03 8.640773e-01 3.231054e+00 1.090822e-01 9.912538e-01 -7.427679e-02 2.435473e-03 -8.572155e-01 1.316369e-01 4.978488e-01 1.872657e-01
5.126838e-01 4.796646e-03 8.585641e-01 3.243960e+00 1.054246e-01 9.920655e-01 -6.849587e-02 1.124970e-03 -8.520804e-01 1.256305e-01 5.081103e-01 1.945356e-01
5.216897e-01 -4.171787e-03 8.531251e-01 3.256194e+00 1.041065e-01 9.928261e-01 -5.880666e-02 -2.238046e-05 -8.467595e-01 1.194947e-01 5.183814e-01 2.015615e-01
5.296951e-01 -1.299382e-02 8.480886e-01 3.267963e+00 1.084171e-01 9.927180e-01 -5.250490e-02 -9.979540e-04 -8.412305e-01 1.197589e-01 5.272466e-01 2.085567e-01
5.358961e-01 -1.236159e-02 8.441935e-01 3.279456e+00 1.096698e-01 9.924404e-01 -5.508630e-02 -1.967680e-03 -8.371308e-01 1.221031e-01 5.332006e-01 2.155821e-01
5.414480e-01 -4.492543e-03 8.407222e-01 3.291440e+00 1.078707e-01 9.920918e-01 -6.417026e-02 -3.021125e-03 -8.337853e-01 1.254341e-01 5.376508e-01 2.231299e-01
5.469498e-01 6.043122e-03 8.371436e-01 3.303930e+00 1.057707e-01 9.914618e-01 -7.626264e-02 -4.225499e-03 -8.304568e-01 1.302571e-01 5.416406e-01 2.313885e-01
5.493541e-01 1.266241e-02 8.354937e-01 3.316352e+00 1.052610e-01 9.908712e-01 -8.422848e-02 -5.647964e-03 -8.289332e-01 1.342162e-01 5.430063e-01 2.394105e-01
5.507146e-01 1.041420e-02 8.346287e-01 3.328218e+00 1.083247e-01 9.905742e-01 -8.383613e-02 -7.050008e-03 -8.276347e-01 1.365807e-01 5.443955e-01 2.470908e-01
5.520862e-01 6.702652e-03 8.337601e-01 3.339804e+00 1.101326e-01 9.906198e-01 -8.088956e-02 -8.395450e-03 -8.264815e-01 1.364822e-01 5.461694e-01 2.546367e-01
5.541483e-01 5.139826e-03 8.324021e-01 3.351214e+00 1.122170e-01 9.903915e-01 -8.082068e-02 -9.721831e-03 -8.248193e-01 1.381963e-01 5.482471e-01 2.620692e-01
