1.000000e+00 0.000000e+00 0.000000e+00 0.000000e+00 0.000000e+00 1.000000e+00 0.000000e+00 -0.000000e+00 0.000000e+00 0.000000e+00 1.000000e+00 -0.000000e+00
9.998738e-01 1.240154e-03 1.583507e-02 -2.992284e-04 -1.249364e-03 9.999991e-01 5.717059e-04 -1.851926e-04 -1.583434e-02 -5.914176e-04 9.998745e-01 1.115734e-02
9.992856e-01 3.300947e-03 3.764807e-02 -3.255205e-04 -3.288260e-03 9.999945e-01 -3.989180e-04 -3.228488e-04 -3.764918e-02 2.748364e-04 9.992910e-01 2.275763e-02
9.978087e-01 4.746430e-03 6.599457e-02 -1.191418e-04 -4.591561e-03 9.999863e-01 -2.498165e-03 -4.281062e-04 -6.600553e-02 2.189673e-03 9.978169e-01 3.443717e-02
9.949408e-01 4.955461e-03 1.003405e-01 2.079041e-04 -4.409751e-03 9.999743e-01 -5.659656e-03 -5.462289e-04 -1.003659e-01 5.188546e-03 9.949371e-01 4.598827e-02
9.903288e-01 3.684148e-03 1.386917e-01 7.142981e-04 -2.526310e-03 9.999605e-01 -8.523406e-03 -6.737271e-04 -1.387176e-01 8.090596e-03 9.902989e-01 5.725226e-02
9.842390e-01 2.164425e-03 1.768304e-01 1.459095e-03 -3.413141e-04 9.999465e-01 -1.033970e-02 -8.194156e-04 -1.768433e-01 1.011639e-02 9.841870e-01 6.829724e-02
9.759798e-01 1.843803e-03 2.178534e-01 2.639467e-03 9.894947e-04 9.999164e-01 -1.289571e-02 -9.770838e-04 -2.178590e-01 1.280152e-02 9.758963e-01 7.921933e-02
9.649773e-01 2.907426e-03 2.623175e-01 3.970534e-03 1.450055e-03 9.998642e-01 -1.641637e-02 -1.112185e-03 -2.623296e-01 1.622180e-02 9.648420e-01 8.995415e-02
9.504899e-01 3.987056e-03 3.107298e-01 5.427416e-03 2.974698e-03 9.997551e-01 -2.192741e-02 -1.255122e-03 -3.107412e-01 2.176611e-02 9.502453e-01 1.003458e-01
9.335878e-01 5.500385e-03 3.583064e-01 7.639891e-03 4.549201e-03 9.996197e-01 -2.719843e-02 -1.483874e-03 -3.583198e-01 2.702213e-02 9.332078e-01 1.111978e-01
9.144429e-01 6.714389e-03 4.046593e-01 1.044689e-02 6.350545e-03 9.995012e-01 -3.093529e-02 -1.805497e-03 -4.046651e-01 3.085836e-02 9.139441e-01 1.216744e-01
8.911843e-01 8.819633e-03 4.535558e-01 1.350114e-02 7.867275e-03 9.993601e-01 -3.489137e-02 -2.222430e-03 -4.535733e-01 3.466289e-02 8.905446e-01 1.317793e-01
8.650119e-01 1.052561e-02 5.016410e-01 1.709948e-02 1.050311e-02 9.991810e-01 -3.907637e-02 -2.751920e-03 -5.016414e-01 3.907032e-02 8.641929e-01 1.415920e-01
8.364358e-01 1.193770e-02 5.479349e-01 2.081118e-02 1.379663e-02 9.989873e-01 -4.282552e-02 -3.292277e-03 -5.478913e-01 4.338045e-02 8.354240e-01 1.510624e-01
8.042383e-01 1.258410e-02 5.941736e-01 2.445737e-02 1.785772e-02 9.988127e-01 -4.532518e-02 -3.802158e-03 -5.940385e-01 4.706284e-02 8.030587e-01 1.599241e-01
7.685173e-01 1.418257e-02 6.396718e-01 2.858230e-02 2.081221e-02 9.986711e-01 -4.714647e-02 -4.375414e-03 -6.394904e-01 4.954586e-02 7.672009e-01 1.684171e-01
7.306374e-01 1.519331e-02 6.825967e-01 3.319359e-02 2.378926e-02 9.985789e-01 -4.769000e-02 -5.072368e-03 -6.823512e-01 5.108257e-02 7.292376e-01 1.764499e-01
6.904315e-01 1.565490e-02 7.232284e-01 3.821580e-02 2.731712e-02 9.984885e-01 -4.769149e-02 -5.743133e-03 -7.228818e-01 5.268423e-02 6.889603e-01 1.840869e-01
6.494374e-01 1.667193e-02 7.602323e-01 4.388085e-02 3.034964e-02 9.983947e-01 -4.782138e-02 -6.415493e-03 -7.598092e-01 5.412977e-02 6.478889e-01 1.915162e-01
6.081125e-01 1.741903e-02 7.936597e-01 5.050664e-02 3.332569e-02 9.983178e-01 -4.744540e-02 -7.138825e-03 -7.931510e-01 5.530140e-02 6.065090e-01 1.984977e-01
5.677510e-01 1.804117e-02 8.230026e-01 5.799385e-02 3.593843e-02 9.982634e-01 -4.667532e-02 -7.886595e-03 -8.224155e-01 5.607738e-02 5.661167e-01 2.051298e-01
5.285829e-01 1.937498e-02 8.486605e-01 6.607491e-02 3.838052e-02 9.981717e-01 -4.669340e-02 -8.666247e-03 -8.480136e-01 5.725337e-02 5.268729e-01 2.113558e-01
4.904893e-01 1.970057e-02 8.712245e-01 7.466312e-02 3.963708e-02 9.982054e-01 -4.488715e-02 -9.462122e-03 -8.705453e-01 5.654947e-02 4.888282e-01 2.169636e-01
4.526946e-01 1.862087e-02 8.914712e-01 8.392746e-02 4.139450e-02 9.982651e-01 -4.187194e-02 -1.026601e-02 -8.907043e-01 5.585720e-02 4.511384e-01 2.222670e-01
4.186947e-01 1.603421e-02 9.079855e-01 9.370931e-02 4.403733e-02 9.983094e-01 -3.793595e-02 -1.108694e-02 -9.070587e-01 5.586884e-02 4.172808e-01 2.273390e-01
3.893730e-01 1.360637e-02 9.209797e-01 1.043098e-01 4.609301e-02 9.983503e-01 -3.423670e-02 -1.187858e-02 -9.199261e-01 5.578157e-02 3.881035e-01 2.323617e-01
3.644215e-01 1.146171e-02 9.311636e-01 1.154648e-01 4.810309e-02 9.983576e-01 -3.111450e-02 -1.259544e-02 -9.299909e-01 5.613063e-02 3.632716e-01 2.373475e-01
3.447513e-01 1.051460e-02 9.386352e-01 1.271162e-01 5.010374e-02 9.983057e-01 -2.958563e-02 -1.329533e-02 -9.373560e-01 5.722882e-02 3.436403e-01 2.423345e-01
3.297527e-01 1.071879e-02 9.440065e-01 1.393870e-01 5.155793e-02 9.982388e-01 -2.934438e-02 -1.396235e-02 -9.426584e-01 5.834741e-02 3.286193e-01 2.470596e-01
3.178225e-01 1.192709e-02 9.480752e-01 1.520452e-01 5.243367e-02 9.981696e-01 -3.013458e-02 -1.465348e-02 -9.466993e-01 5.928851e-02 3.166153e-01 2.515650e-01
3.067761e-01 1.440953e-02 9.516726e-01 1.648563e-01 5.172651e-02 9.981553e-01 -3.178762e-02 -1.535211e-02 -9.503751e-01 5.897838e-02 3.054649e-01 2.559183e-01
2.960590e-01 1.675703e-02 9.550227e-01 1.781937e-01 5.071653e-02 9.981599e-01 -3.323615e-02 -1.609916e-02 -9.538223e-01 5.827530e-02 2.946643e-01 2.601621e-01
2.856535e-01 1.877702e-02 9.581490e-01 1.914715e-01 5.049749e-02 9.981241e-01 -3.461526e-02 -1.687885e-02 -9.570016e-01 5.827209e-02 2.841694e-01 2.641981e-01
2.753123e-01 2.117603e-02 9.611216e-01 2.050223e-01 4.979883e-02 9.981010e-01 -3.625561e-02 -1.770172e-02 -9.600642e-01 5.784434e-02 2.737349e-01 2.681036e-01
2.651798e-01 2.282163e-02 9.639289e-01 2.186264e-01 4.994949e-02 9.980523e-01 -3.737079e-02 -1.854370e-02 -9.629043e-01 5.805774e-02 2.635234e-01 2.718545e-01
2.553811e-01 2.433448e-02 9.665342e-01 2.324191e-01 4.991256e-02 9.980184e-01 -3.831523e-02 -1.942885e-02 -9.655512e-01 5.802718e-02 2.536605e-01 2.755382e-01
2.453101e-01 2.789731e-02 9.690432e-01 2.466268e-01 4.877551e-02 9.979647e-01 -4.107728e-02 -2.033673e-02 -9.682169e-01 5.734225e-02 2.434501e-01 2.792006e-01
2.351617e-01 3.217275e-02 9.714236e-01 2.609799e-01 4.745868e-02 9.978798e-01 -4.453773e-02 -2.129191e-02 -9.707969e-01 5.657606e-02 2.331363e-01 2.827754e-01
2.250907e-01 3.655716e-02 9.736518e-01 2.755436e-01 4.666801e-02 9.977444e-01 -4.825056e-02 -2.232820e-02 -9.732195e-01 5.629914e-02 2.228770e-01 2.862439e-01
2.147551e-01 3.896460e-02 9.758904e-01 2.904680e-01 4.613963e-02 9.976835e-01 -4.998825e-02 -2.345126e-02 -9.755775e-01 5.576245e-02 2.124598e-01 2.896584e-01
2.038656e-01 3.943252e-02 9.782044e-01 3.052394e-01 4.630085e-02 9.976821e-01 -4.986715e-02 -2.456145e-02 -9.779034e-01 5.545789e-02 2.015673e-01 2.929468e-01
1.925235e-01 3.862727e-02 9.805318e-01 3.200093e-01 4.602422e-02 9.977699e-01 -4.834302e-02 -2.566415e-02 -9.802125e-01 5.443538e-02 1.903164e-01 2.960313e-01
1.790767e-01 3.735630e-02 9.831257e-01 3.349291e-01 4.713227e-02 9.978058e-01 -4.649926e-02 -2.674448e-02 -9.827055e-01 5.466387e-02 1.769230e-01 2.990791e-01
1.628086e-01 3.597531e-02 9.860016e-01 3.495755e-01 4.670393e-02 9.979338e-01 -4.412243e-02 -2.776777e-02 -9.855517e-01 5.323367e-02 1.607921e-01 3.018994e-01
1.416189e-01 3.490483e-02 9.893057e-01 3.636274e-01 4.527586e-02 9.981040e-01 -4.169648e-02 -2.871900e-02 -9.888853e-01 5.069668e-02 1.397700e-01 3.044896e-01
1.151560e-01 3.458911e-02 9.927450e-01 3.775347e-01 4.561770e-02 9.981550e-01 -4.006915e-02 -2.961409e-02 -9.922994e-01 4.990095e-02 1.133657e-01 3.069027e-01
8.518673e-02 3.452122e-02 9.957668e-01 3.913684e-01 4.660361e-02 9.981677e-01 -3.859134e-02 -3.045423e-02 -9.952745e-01 4.969380e-02 8.342183e-02 3.090576e-01
5.524033e-02 3.348777e-02 9.979114e-01 4.052431e-01 4.895161e-02 9.981447e-01 -3.620536e-02 -3.127549e-02 -9.972724e-01 5.084936e-02 5.349856e-02 3.109151e-01
2.561695e-02 3.198211e-02 9.991601e-01 4.195730e-01 5.156176e-02 9.981154e-01 -3.327064e-02 -3.207247e-02 -9.983412e-01 5.237075e-02 2.391962e-02 3.122878e-01
-3.584592e-03 2.960623e-02 9.995552e-01 4.340759e-01 5.294758e-02 9.981651e-01 -2.937517e-02 -3.281518e-02 -9.985909e-01 5.281874e-02 -5.145592e-03 3.131605e-01
-3.315662e-02 2.608661e-02 9.991097e-01 4.485422e-01 5.478184e-02 9.982040e-01 -2.424497e-02 -3.348488e-02 -9.979477e-01 5.392918e-02 -3.452614e-02 3.135426e-01
-6.317460e-02 2.153731e-02 9.977701e-01 4.631451e-01 5.942760e-02 9.980742e-01 -1.778117e-02 -3.413049e-02 -9.962316e-01 5.817176e-02 -6.433286e-02 3.135639e-01
-9.133953e-02 1.691386e-02 9.956762e-01 4.778183e-01 6.504363e-02 9.978220e-01 -1.098346e-02 -3.469727e-02 -9.936933e-01 6.375916e-02 -9.224073e-02 3.130226e-01
-1.171693e-01 1.227776e-02 9.930361e-01 4.927472e-01 7.058452e-02 9.974978e-01 -4.004587e-03 -3.518901e-02 -9.906004e-01 6.962376e-02 -1.177427e-01 3.121106e-01
-1.402895e-01 8.215375e-03 9.900764e-01 5.076995e-01 7.552896e-02 9.971407e-01 2.428130e-03 -3.558336e-02 -9.872255e-01 7.512008e-02 -1.405089e-01 3.107478e-01
-1.624756e-01 5.162952e-03 9.866991e-01 5.230230e-01 8.122828e-02 9.966621e-01 8.160438e-03 -3.594283e-02 -9.833634e-01 8.147374e-02 -1.623527e-01 3.089893e-01
-1.838223e-01 -3.358590e-03 9.829538e-01 5.380146e-01 8.390539e-02 9.962907e-01 1.909532e-02 -3.617415e-02 -9.793719e-01 8.598527e-02 -1.828587e-01 3.070309e-01
-2.045760e-01 -1.656444e-02 9.787105e-01 5.506833e-01 8.590873e-02 9.956947e-01 3.480905e-02 -3.642419e-02 -9.750735e-01 9.120087e-02 -2.022722e-01 3.053759e-01
-2.228943e-01 -2.990561e-02 9.743838e-01 5.626959e-01 8.745504e-02 9.948856e-01 5.054055e-02 -3.661574e-02 -9.709118e-01 9.647998e-02 -2.191390e-01 3.038153e-01
-2.431758e-01 -4.263663e-02 9.690447e-01 5.755025e-01 8.859078e-02 9.938817e-01 6.596074e-02 -3.648628e-02 -9.659281e-01 1.018885e-01 -2.379108e-01 3.018481e-01
-2.640140e-01 -5.175474e-02 9.631293e-01 5.916805e-01 9.009266e-02 9.928704e-01 7.804920e-02 -3.564646e-02 -9.603020e-01 1.073770e-01 -2.574690e-01 2.983027e-01
-2.841649e-01 -5.420358e-02 9.572420e-01 6.078792e-01 9.135293e-02 9.923277e-01 8.330914e-02 -3.464235e-02 -9.544134e-01 1.111204e-01 -2.770331e-01 2.942303e-01
-3.039492e-01 -5.192982e-02 9.512719e-01 6.238371e-01 9.282712e-02 9.921477e-01 8.382124e-02 -3.362083e-02 -9.481550e-01 1.137812e-01 -2.967421e-01 2.897265e-01
-3.227320e-01 -4.544135e-02 9.453989e-01 6.400687e-01 9.507783e-02 9.922380e-01 8.014954e-02 -3.260967e-02 -9.417029e-01 1.157533e-01 -3.159065e-01 2.847291e-01
-3.407237e-01 -3.900567e-02 9.393540e-01 6.562670e-01 1.000497e-01 9.919611e-01 7.748029e-02 -3.171940e-02 -9.348248e-01 1.203815e-01 -3.340821e-01 2.793436e-01
-3.538981e-01 -3.834030e-02 9.344978e-01 6.726552e-01 1.007165e-01 9.917871e-01 7.883248e-02 -3.074470e-02 -9.298453e-01 1.220180e-01 -3.471301e-01 2.733712e-01
-3.649578e-01 -4.039768e-02 9.301472e-01 6.889121e-01 1.023750e-01 9.912587e-01 8.322029e-02 -2.974593e-02 -9.253784e-01 1.255958e-01 -3.576319e-01 2.673156e-01
-3.747747e-01 -4.282657e-02 9.261262e-01 7.046394e-01 1.019956e-01 9.909645e-01 8.709934e-02 -2.871975e-02 -9.214884e-01 1.271034e-01 -3.670203e-01 2.611387e-01
-3.845235e-01 -4.781854e-02 9.218758e-01 7.203052e-01 9.629314e-02 9.911314e-01 9.157571e-02 -2.762178e-02 -9.180791e-01 1.239833e-01 -3.765087e-01 2.547486e-01
-3.948487e-01 -4.725809e-02 9.175299e-01 7.353873e-01 9.506900e-02 9.912136e-01 9.196510e-02 -2.649774e-02 -9.138142e-01 1.235409e-01 -3.868866e-01 2.484856e-01
-4.037257e-01 -4.681662e-02 9.136814e-01 7.504945e-01 9.654321e-02 9.909336e-01 9.343425e-02 -2.537817e-02 -9.097719e-01 1.259315e-01 -3.955456e-01 2.420510e-01
-4.107226e-01 -4.752529e-02 9.105209e-01 7.658969e-01 9.835304e-02 9.905039e-01 9.606569e-02 -2.418294e-02 -9.064401e-01 1.290089e-01 -4.021481e-01 2.353720e-01
-4.136901e-01 -4.988796e-02 9.090499e-01 7.810262e-01 9.850911e-02 9.901824e-01 9.916994e-02 -2.290935e-02 -9.050726e-01 1.305753e-01 -4.047143e-01 2.285752e-01
-4.126967e-01 -5.209391e-02 9.093776e-01 7.955192e-01 9.872646e-02 9.899234e-01 1.015123e-01 -2.163671e-02 -9.055024e-01 1.316734e-01 -4.033950e-01 2.219396e-01
-4.089512e-01 -5.008464e-02 9.111808e-01 8.097240e-01 1.017077e-01 9.897702e-01 1.000523e-01 -2.038930e-02 -9.068707e-01 1.335906e-01 -3.996737e-01 2.155319e-01
-4.014696e-01 -4.954632e-02 9.145312e-01 8.240159e-01 1.024343e-01 9.898416e-01 9.859396e-02 -1.915297e-02 -9.101260e-01 1.332618e-01 -3.923161e-01 2.092861e-01
-3.924016e-01 -4.925038e-02 9.184745e-01 8.385210e-01 1.024402e-01 9.900130e-01 9.685214e-02 -1.791652e-02 -9.140717e-01 1.320936e-01 -3.834374e-01 2.030472e-01
-3.830273e-01 -4.932010e-02 9.224194e-01 8.532902e-01 1.029290e-01 9.900764e-01 9.567805e-02 -1.667399e-02 -9.179846e-01 1.315910e-01 -3.741498e-01 1.968597e-01
-3.748623e-01 -4.972129e-02 9.257462e-01 8.683461e-01 1.013897e-01 9.903724e-01 9.424805e-02 -1.543909e-02 -9.215196e-01 1.291912e-01 -3.662121e-01 1.906262e-01
-3.688724e-01 -5.046981e-02 9.281088e-01 8.835369e-01 9.779074e-02 9.908756e-01 9.274949e-02 -1.423354e-02 -9.243214e-01 1.249732e-01 -3.605712e-01 1.843381e-01
-3.659404e-01 -5.025684e-02 9.292803e-01 8.993524e-01 9.483706e-02 9.913287e-01 9.095830e-02 -1.299667e-02 -9.257935e-01 1.214155e-01 -3.580010e-01 1.778394e-01
-3.654621e-01 -4.924218e-02 9.295228e-01 9.152300e-01 9.308032e-02 9.916611e-01 8.913055e-02 -1.177350e-02 -9.261606e-01 1.190941e-01 -3.578311e-01 1.713214e-01
-3.649755e-01 -4.919461e-02 9.297165e-01 9.312142e-01 9.147594e-02 9.918763e-01 8.839410e-02 -1.054668e-02 -9.265123e-01 1.173084e-01 -3.575105e-01 1.648913e-01
-3.637580e-01 -4.831395e-02 9.302397e-01 9.473272e-01 9.135209e-02 9.919896e-01 8.724309e-02 -9.347729e-03 -9.270032e-01 1.167147e-01 -3.564306e-01 1.585026e-01
-3.628609e-01 -4.768100e-02 9.306226e-01 9.636401e-01 9.122090e-02 9.920757e-01 8.639770e-02 -8.129075e-03 -9.273676e-01 1.162426e-01 -3.556360e-01 1.520167e-01
-3.619806e-01 -4.667935e-02 9.310162e-01 9.798454e-01 9.083294e-02 9.922265e-01 8.506431e-02 -6.966995e-03 -9.277497e-01 1.153586e-01 -3.549267e-01 1.456345e-01
-3.611749e-01 -4.668421e-02 9.313288e-01 9.958426e-01 9.003860e-02 9.923335e-01 8.465967e-02 -5.853060e-03 -9.281410e-01 1.144325e-01 -3.542026e-01 1.393650e-01
-3.604509e-01 -4.650053e-02 9.316184e-01 1.011990e+00 8.826301e-02 9.925750e-01 8.369280e-02 -4.735180e-03 -9.285929e-01 1.123946e-01 -3.536703e-01 1.329421e-01
-3.595642e-01 -4.635113e-02 9.319684e-01 1.028296e+00 8.713751e-02 9.927333e-01 8.299190e-02 -3.615671e-03 -9.290429e-01 1.110503e-01 -3.529124e-01 1.264953e-01
-3.581205e-01 -4.743544e-02 9.324696e-01 1.044421e+00 8.441537e-02 9.929733e-01 8.293354e-02 -2.501971e-03 -9.298515e-01 1.084150e-01 -3.515998e-01 1.201776e-01
-3.563550e-01 -4.707900e-02 9.331638e-01 1.060604e+00 8.275093e-02 9.932149e-01 8.170942e-02 -1.360059e-03 -9.306790e-01 1.063377e-01 -3.500413e-01 1.137945e-01
-3.538451e-01 -4.525765e-02 9.342084e-01 1.076659e+00 8.220646e-02 9.934582e-01 7.926489e-02 -2.956910e-04 -9.316844e-01 1.048455e-01 -3.478098e-01 1.074409e-01
-3.520821e-01 -4.400406e-02 9.349341e-01 1.092669e+00 8.178017e-02 9.936276e-01 7.756373e-02 7.406421e-04 -9.323895e-01 1.037679e-01 -3.462398e-01 1.009626e-01
-3.499226e-01 -4.398065e-02 9.357456e-01 1.108740e+00 8.123455e-02 9.937098e-01 7.708271e-02 1.756886e-03 -9.332498e-01 1.029879e-01 -3.441487e-01 9.456693e-02
-3.478275e-01 -4.441461e-02 9.365059e-01 1.124816e+00 8.084687e-02 9.937357e-01 7.715610e-02 2.764503e-03 -9.340663e-01 1.025506e-01 -3.420578e-01 8.829567e-02
-3.466143e-01 -4.526510e-02 9.369149e-01 1.141301e+00 8.032089e-02 9.937340e-01 7.772513e-02 3.798234e-03 -9.345625e-01 1.021945e-01 -3.408067e-01 8.193261e-02
-3.470848e-01 -4.775595e-02 9.366170e-01 1.157834e+00 7.888606e-02 9.936766e-01 7.989832e-02 4.832776e-03 -9.345101e-01 1.016175e-01 -3.411228e-01 7.555379e-02
-3.490502e-01 -5.073948e-02 9.357294e-01 1.174175e+00 7.736371e-02 9.935643e-01 8.273412e-02 5.889129e-03 -9.339052e-01 1.012699e-01 -3.428784e-01 6.929355e-02
-3.526641e-01 -5.257849e-02 9.342716e-01 1.190493e+00 7.572062e-02 9.935425e-01 8.449674e-02 7.008611e-03 -9.326813e-01 1.005426e-01 -3.464055e-01 6.301973e-02
-3.571949e-01 -5.042450e-02 9.326678e-01 1.206966e+00 7.576734e-02 9.936867e-01 8.274099e-02 8.155084e-03 -9.309517e-01 1.002204e-01 -3.511193e-01 5.671456e-02
-3.623227e-01 -4.761918e-02 9.308355e-01 1.223247e+00 7.524715e-02 9.939396e-01 8.013697e-02 9.223906e-03 -9.290103e-01 9.907816e-02 -3.565437e-01 5.028872e-02
-3.668977e-01 -4.750012e-02 9.290478e-01 1.239401e+00 7.297420e-02 9.941484e-01 7.964740e-02 1.026949e-02 -9.273946e-01 9.701897e-02 -3.612845e-01 4.390682e-02
-3.708977e-01 -4.967918e-02 9.273440e-01 1.255484e+00 7.357510e-02 9.938574e-01 8.266927e-02 1.133045e-02 -9.257546e-01 9.889127e-02 -3.649643e-01 3.755465e-02
-3.748880e-01 -5.137665e-02 9.256454e-01 1.271326e+00 7.258098e-02 9.937720e-01 8.455335e-02 1.241399e-02 -9.242245e-01 9.888229e-02 -3.688243e-01 3.117743e-02
-3.781789e-01 -5.404485e-02 9.241536e-01 1.287024e+00 7.010239e-02 9.937560e-01 8.680228e-02 1.356286e-02 -9.230744e-01 9.761217e-02 -3.720289e-01 2.480632e-02
-3.803992e-01 -5.550340e-02 9.231553e-01 1.302610e+00 6.824944e-02 9.937909e-01 8.787341e-02 1.470817e-02 -9.223006e-01 9.643181e-02 -3.742492e-01 1.854077e-02
-3.835609e-01 -5.410978e-02 9.219290e-01 1.318298e+00 6.922652e-02 9.937889e-01 8.712849e-02 1.584577e-02 -9.209173e-01 9.724102e-02 -3.774327e-01 1.219142e-02
-3.852037e-01 -4.599451e-02 9.216847e-01 1.334342e+00 7.060854e-02 9.943605e-01 7.913096e-02 1.694973e-02 -9.201264e-01 9.556035e-02 -3.797837e-01 5.463074e-03
-3.863721e-01 -3.741137e-02 9.215839e-01 1.350291e+00 7.131240e-02 9.949744e-01 7.028821e-02 1.795395e-02 -9.195820e-01 9.287777e-02 -3.817625e-01 -1.278692e-03
-3.870990e-01 -3.550789e-02 9.213542e-01 1.366259e+00 7.183427e-02 9.950596e-01 6.852896e-02 1.882243e-02 -9.192357e-01 9.271230e-02 -3.826359e-01 -7.926602e-03
-3.864288e-01 -4.072076e-02 9.214199e-01 1.382178e+00 7.135718e-02 9.947105e-01 7.388579e-02 1.969661e-02 -9.195548e-01 9.430152e-02 -3.814790e-01 -1.451128e-02
-3.860547e-01 -4.624118e-02 9.213162e-01 1.397979e+00 7.235854e-02 9.941476e-01 8.021667e-02 2.069264e-02 -9.196336e-01 9.763312e-02 -3.804494e-01 -2.097193e-02
-3.859107e-01 -4.554098e-02 9.214114e-01 1.413065e+00 7.658191e-02 9.937521e-01 8.119090e-02 2.169837e-02 -9.193520e-01 1.018959e-01 -3.800120e-01 -2.718878e-02
-3.852807e-01 -4.385633e-02 9.217567e-01 1.427878e+00 7.977226e-02 9.935479e-01 8.061571e-02 2.268871e-02 -9.193450e-01 1.045903e-01 -3.792963e-01 -3.332053e-02
-3.839189e-01 -4.160489e-02 9.224290e-01 1.442432e+00 7.853004e-02 9.938938e-01 7.751275e-02 2.359303e-02 -9.200214e-01 1.021970e-01 -3.783074e-01 -3.946336e-02
-3.824264e-01 -3.759513e-02 9.232208e-01 1.457085e+00 7.748675e-02 9.943474e-01 7.258892e-02 2.438933e-02 -9.207311e-01 9.929730e-02 -3.773516e-01 -4.554045e-02
-3.808128e-01 -3.306178e-02 9.240609e-01 1.472253e+00 7.551114e-02 9.949106e-01 6.671544e-02 2.518658e-02 -9.215637e-01 9.518299e-02 -3.763782e-01 -5.188780e-02
-3.779382e-01 -3.448282e-02 9.251884e-01 1.487149e+00 6.910140e-02 9.954682e-01 6.533006e-02 2.586445e-02 -9.232484e-01 8.862255e-02 -3.738427e-01 -5.802696e-02
-3.743918e-01 -3.489800e-02 9.266137e-01 1.501865e+00 6.404845e-02 9.959317e-01 6.338697e-02 2.647964e-02 -9.250560e-01 8.307973e-02 -3.706335e-01 -6.405108e-02
-3.721833e-01 -3.275255e-02 9.275812e-01 1.516608e+00 6.669336e-02 9.958501e-01 6.192318e-02 2.712467e-02 -9.257600e-01 8.491028e-02 -3.684544e-01 -6.996516e-02
-3.686470e-01 -3.338745e-02 9.289697e-01 1.531948e+00 6.979282e-02 9.955399e-01 6.347619e-02 2.784607e-02 -9.269457e-01 8.823572e-02 -3.646726e-01 -7.604758e-02
-3.629403e-01 -3.508706e-02 9.311516e-01 1.547180e+00 7.116478e-02 9.953285e-01 6.524364e-02 2.857294e-02 -9.290909e-01 8.994474e-02 -3.587478e-01 -8.227326e-02
-3.562288e-01 -3.315822e-02 9.338102e-01 1.562600e+00 7.499703e-02 9.951314e-01 6.394542e-02 2.934246e-02 -9.313842e-01 9.281220e-02 -3.520077e-01 -8.860980e-02
-3.491705e-01 -3.177221e-02 9.365204e-01 1.578219e+00 7.931353e-02 9.948365e-01 6.332174e-02 3.015227e-02 -9.336966e-01 9.638882e-02 -3.448476e-01 -9.495723e-02
-3.380751e-01 -3.273221e-02 9.405497e-01 1.593660e+00 7.731297e-02 9.950511e-01 6.241862e-02 3.090493e-02 -9.379381e-01 9.381888e-02 -3.338714e-01 -1.010760e-01
-3.258072e-01 -3.219211e-02 9.448880e-01 1.609480e+00 7.555502e-02 9.953371e-01 5.996306e-02 3.164234e-02 -9.424124e-01 9.092743e-02 -3.218557e-01 -1.070475e-01
-3.127223e-01 -2.950720e-02 9.493862e-01 1.625557e+00 7.426984e-02 9.956976e-01 5.541063e-02 3.239327e-02 -9.469365e-01 8.783889e-02 -3.091853e-01 -1.128377e-01
-3.014469e-01 -2.952044e-02 9.530259e-01 1.641650e+00 7.311700e-02 9.958618e-01 5.397458e-02 3.304530e-02 -9.506754e-01 8.595286e-02 -2.980410e-01 -1.185857e-01
-2.884444e-01 -2.866679e-02 9.570674e-01 1.657588e+00 7.249744e-02 9.960286e-01 5.168333e-02 3.363856e-02 -9.547481e-01 8.429271e-02 -2.852206e-01 -1.240274e-01
-2.767723e-01 -2.867020e-02 9.605077e-01 1.673645e+00 7.439611e-02 9.959154e-01 5.116448e-02 3.421161e-02 -9.580513e-01 8.561895e-02 -2.735089e-01 -1.293676e-01
-2.643109e-01 -3.305550e-02 9.638709e-01 1.689708e+00 7.390000e-02 9.957800e-01 5.441453e-02 3.479626e-02 -9.616021e-01 8.561241e-02 -2.607527e-01 -1.343593e-01
-2.523461e-01 -4.068553e-02 9.667813e-01 1.705082e+00 7.470344e-02 9.953147e-01 6.138516e-02 3.541383e-02 -9.647491e-01 8.771220e-02 -2.481244e-01 -1.388105e-01
-2.400097e-01 -4.470589e-02 9.697406e-01 1.720712e+00 7.513554e-02 9.950870e-01 6.447034e-02 3.615360e-02 -9.678585e-01 8.833549e-02 -2.354715e-01 -1.433835e-01
-2.275404e-01 -4.161707e-02 9.728789e-01 1.736310e+00 7.523013e-02 9.953490e-01 6.017337e-02 3.692943e-02 -9.708583e-01 8.688168e-02 -2.233512e-01 -1.472990e-01
-2.129663e-01 -3.875711e-02 9.762905e-01 1.751764e+00 7.432747e-02 9.956749e-01 5.574030e-02 3.761293e-02 -9.742283e-01 8.443601e-02 -2.091645e-01 -1.509049e-01
-2.007526e-01 -4.040291e-02 9.788085e-01 1.767592e+00 7.433273e-02 9.956405e-01 5.634326e-02 3.817048e-02 -9.768178e-01 8.406856e-02 -1.968742e-01 -1.544000e-01
-1.913896e-01 -4.614559e-02 9.804288e-01 1.783352e+00 7.343567e-02 9.954212e-01 6.118662e-02 3.875526e-02 -9.787631e-01 8.370892e-02 -1.871245e-01 -1.579733e-01
-1.866704e-01 -5.289260e-02 9.809977e-01 1.799201e+00 7.208296e-02 9.951207e-01 6.737047e-02 3.944665e-02 -9.797746e-01 8.328929e-02 -1.819469e-01 -1.616020e-01
-1.816680e-01 -5.552572e-02 9.817910e-01 1.815502e+00 7.127719e-02 9.950349e-01 6.946368e-02 4.021814e-02 -9.807733e-01 8.259864e-02 -1.768083e-01 -1.649996e-01
-1.759930e-01 -5.528124e-02 9.828380e-01 1.831650e+00 7.085696e-02 9.951206e-01 6.866018e-02 4.104395e-02 -9.818379e-01 8.172462e-02 -1.712172e-01 -1.683122e-01
-1.703248e-01 -5.464413e-02 9.838717e-01 1.847847e+00 7.206205e-02 9.950970e-01 6.774274e-02 4.186867e-02 -9.827495e-01 8.243808e-02 -1.655519e-01 -1.716133e-01
-1.636076e-01 -5.014178e-02 9.852504e-01 1.864132e+00 7.276298e-02 9.953739e-01 6.273978e-02 4.268904e-02 -9.838384e-01 8.195446e-02 -1.592023e-01 -1.749504e-01
-1.583910e-01 -4.565138e-02 9.863206e-01 1.880885e+00 7.407881e-02 9.955658e-01 5.797544e-02 4.342025e-02 -9.845936e-01 8.224824e-02 -1.543069e-01 -1.782821e-01
-1.526221e-01 -4.290770e-02 9.873527e-01 1.897631e+00 7.404980e-02 9.957522e-01 5.471912e-02 4.410027e-02 -9.855065e-01 8.146462e-02 -1.487965e-01 -1.815522e-01
-1.438406e-01 -4.377369e-02 9.886323e-01 1.914383e+00 6.888855e-02 9.961548e-01 5.412967e-02 4.469799e-02 -9.872002e-01 7.589148e-02 -1.402720e-01 -1.844648e-01
-1.367005e-01 -4.593101e-02 9.895470e-01 1.930904e+00 6.479947e-02 9.963704e-01 5.519942e-02 4.530254e-02 -9.884908e-01 7.166791e-02 -1.332280e-01 -1.874210e-01
-1.302340e-01 -4.921808e-02 9.902609e-01 1.947585e+00 6.781715e-02 9.959858e-01 5.842158e-02 4.606502e-02 -9.891612e-01 7.476515e-02 -1.263734e-01 -1.901637e-01
-1.243135e-01 -5.154675e-02 9.909032e-01 1.964386e+00 7.064814e-02 9.956553e-01 6.065710e-02 4.685383e-02 -9.897247e-01 7.754596e-02 -1.201317e-01 -1.928409e-01
-1.175288e-01 -4.968299e-02 9.918259e-01 1.981262e+00 7.051662e-02 9.958091e-01 5.823856e-02 4.760329e-02 -9.905627e-01 7.678492e-02 -1.135328e-01 -1.954247e-01
-1.106889e-01 -4.456180e-02 9.928556e-01 1.998025e+00 7.168612e-02 9.960342e-01 5.269642e-02 4.826400e-02 -9.912664e-01 7.700688e-02 -1.070555e-01 -1.978044e-01
-1.044982e-01 -4.125336e-02 9.936691e-01 2.015176e+00 7.305487e-02 9.961216e-01 4.903792e-02 4.882612e-02 -9.918382e-01 7.771674e-02 -1.010792e-01 -2.001544e-01
-9.780334e-02 -4.432884e-02 9.942180e-01 2.031616e+00 7.371480e-02 9.959406e-01 5.165713e-02 4.936603e-02 -9.924720e-01 7.834083e-02 -9.413862e-02 -2.023097e-01
-9.205612e-02 -4.565566e-02 9.947066e-01 2.048047e+00 7.661518e-02 9.956623e-01 5.278995e-02 4.996782e-02 -9.928020e-01 8.106926e-02 -8.815889e-02 -2.042800e-01
-8.615829e-02 -4.602507e-02 9.952178e-01 2.064718e+00 7.593731e-02 9.957231e-01 5.262251e-02 5.057322e-02 -9.933832e-01 8.010803e-02 -8.229478e-02 -2.062153e-01
-7.876067e-02 -4.478262e-02 9.958872e-01 2.081056e+00 7.514684e-02 9.958815e-01 5.072542e-02 5.111451e-02 -9.940572e-01 7.883294e-02 -7.507102e-02 -2.076175e-01
-7.189448e-02 -4.360809e-02 9.964585e-01 2.097814e+00 7.685203e-02 9.958315e-01 4.912553e-02 5.173662e-02 -9.944471e-01 8.011171e-02 -6.824342e-02 -2.092464e-01
-6.601945e-02 -4.366734e-02 9.968624e-01 2.114344e+00 7.783605e-02 9.957724e-01 4.877446e-02 5.227597e-02 -9.947779e-01 8.081190e-02 -6.234145e-02 -2.107555e-01
-6.021695e-02 -4.345249e-02 9.972391e-01 2.131180e+00 7.929371e-02 9.956866e-01 4.817289e-02 5.280946e-02 -9.950309e-01 8.197561e-02 -5.651170e-02 -2.119903e-01
-5.261757e-02 -4.326677e-02 9.976770e-01 2.148042e+00 7.493467e-02 9.960732e-01 4.714928e-02 5.327625e-02 -9.957993e-01 7.724147e-02 -4.916877e-02 -2.130654e-01
-4.665502e-02 -4.229139e-02 9.980154e-01 2.164847e+00 7.223256e-02 9.963450e-01 4.559732e-02 5.375440e-02 -9.962960e-01 7.421655e-02 -4.342968e-02 -2.140887e-01
-4.224283e-02 -4.137225e-02 9.982504e-01 2.181379e+00 7.447087e-02 9.962325e-01 4.444000e-02 5.420208e-02 -9.963281e-01 7.621785e-02 -3.900266e-02 -2.147726e-01
-3.682828e-02 -4.094781e-02 9.984823e-01 2.197768e+00 7.622271e-02 9.961344e-01 4.366294e-02 5.463578e-02 -9.964104e-01 7.771506e-02 -3.356476e-02 -2.154067e-01
-3.035713e-02 -4.135834e-02 9.986831e-01 2.214188e+00 7.735587e-02 9.960497e-01 4.360069e-02 5.510854e-02 -9.965413e-01 7.857759e-02 -2.703790e-02 -2.159392e-01
-2.444077e-02 -3.917481e-02 9.989334e-01 2.230329e+00 8.306879e-02 9.956967e-01 4.108031e-02 5.555608e-02 -9.962441e-01 8.398423e-02 -2.108139e-02 -2.162108e-01
-2.013545e-02 -3.603302e-02 9.991477e-01 2.246203e+00 9.010698e-02 9.952180e-01 3.770719e-02 5.594110e-02 -9.957285e-01 9.078944e-02 -1.679234e-02 -2.167235e-01
-1.525447e-02 -3.484255e-02 9.992764e-01 2.262240e+00 9.191435e-02 9.951123e-01 3.610048e-02 5.629687e-02 -9.956501e-01 9.239853e-02 -1.197738e-02 -2.172700e-01
-9.726373e-03 -3.659995e-02 9.992827e-01 2.278208e+00 9.054890e-02 9.951921e-01 3.733147e-02 5.658372e-02 -9.958445e-01 9.084704e-02 -6.365524e-03 -2.176723e-01
-5.026950e-03 -3.875724e-02 9.992360e-01 2.294246e+00 8.871233e-02 9.952915e-01 3.905054e-02 5.688969e-02 -9.960446e-01 8.884086e-02 -1.565035e-03 -2.179890e-01
-2.042443e-03 -3.862534e-02 9.992517e-01 2.310817e+00 8.639097e-02 9.955110e-01 3.865733e-02 5.725613e-02 -9.962592e-01 8.640527e-02 1.303605e-03 -2.181228e-01
-4.369314e-04 -3.740482e-02 9.993001e-01 2.327567e+00 8.538324e-02 9.956495e-01 3.730551e-02 5.759726e-02 -9.963481e-01 8.533978e-02 2.758714e-03 -2.182959e-01
5.208447e-04 -3.251626e-02 9.994711e-01 2.344022e+00 8.617652e-02 9.957545e-01 3.235044e-02 5.792358e-02 -9.962797e-01 8.611409e-02 3.320771e-03 -2.184490e-01
1.132868e-03 -2.743364e-02 9.996230e-01 2.360885e+00 8.574723e-02 9.959446e-01 2.723551e-02 5.814381e-02 -9.963163e-01 8.568405e-02 3.480632e-03 -2.186281e-01
2.159379e-03 -2.511181e-02 9.996823e-01 2.378049e+00 8.483329e-02 9.960855e-01 2.483821e-02 5.827887e-02 -9.963928e-01 8.475270e-02 4.281243e-03 -2.187301e-01
4.598655e-03 -2.928117e-02 9.995606e-01 2.394581e+00 8.291334e-02 9.961405e-01 2.879952e-02 5.836094e-02 -9.965462e-01 8.274447e-02 7.008706e-03 -2.186055e-01
6.007416e-03 -3.245954e-02 9.994550e-01 2.411470e+00 8.191560e-02 9.961299e-01 3.185918e-02 5.851100e-02 -9.966212e-01 8.167957e-02 8.643109e-03 -2.183789e-01
8.326611e-03 -3.175807e-02 9.994609e-01 2.429123e+00 8.029325e-02 9.962895e-01 3.098836e-02 5.869781e-02 -9.967365e-01 7.999193e-02 1.084567e-02 -2.180831e-01
1.006171e-02 -3.075063e-02 9.994764e-01 2.446873e+00 7.991464e-02 9.963547e-01 2.985008e-02 5.888093e-02 -9.967509e-01 7.957246e-02 1.248245e-02 -2.178563e-01
1.065821e-02 -3.038309e-02 9.994815e-01 2.464589e+00 8.243768e-02 9.961624e-01 2.940310e-02 5.906131e-02 -9.965392e-01 8.208155e-02 1.312202e-02 -2.175693e-01
1.276442e-02 -3.299345e-02 9.993741e-01 2.482037e+00 8.331510e-02 9.960152e-01 3.181843e-02 5.923376e-02 -9.964415e-01 8.285680e-02 1.546241e-02 -2.171920e-01
1.532972e-02 -3.551523e-02 9.992516e-01 2.499442e+00 8.089852e-02 9.961367e-01 3.416344e-02 5.944880e-02 -9.966044e-01 8.031426e-02 1.814363e-02 -2.168055e-01
1.829292e-02 -3.873465e-02 9.990821e-01 2.516693e+00 8.042550e-02 9.960683e-01 3.714523e-02 5.975492e-02 -9.965927e-01 7.967218e-02 2.133625e-02 -2.165492e-01
1.968261e-02 -4.234792e-02 9.989090e-01 2.533775e+00 8.130395e-02 9.958614e-01 4.061670e-02 6.009139e-02 -9.964950e-01 8.041581e-02 2.304420e-02 -2.162698e-01
2.081787e-02 -4.315515e-02 9.988515e-01 2.550745e+00 8.193793e-02 9.957807e-01 4.131475e-02 6.044397e-02 -9.964200e-01 8.098374e-02 2.426608e-02 -2.159487e-01
2.330019e-02 -4.449616e-02 9.987378e-01 2.567510e+00 8.167843e-02 9.957540e-01 4.245769e-02 6.082312e-02 -9.963863e-01 8.058606e-02 2.683563e-02 -2.156900e-01
2.434876e-02 -4.219596e-02 9.988126e-01 2.584388e+00 8.313379e-02 9.957337e-01 4.003928e-02 6.121579e-02 -9.962409e-01 8.206017e-02 2.775280e-02 -2.154460e-01
2.892406e-02 -3.814498e-02 9.988535e-01 2.600787e+00 8.257307e-02 9.959474e-01 3.564291e-02 6.152054e-02 -9.961652e-01 8.144747e-02 3.195659e-02 -2.150550e-01
2.857602e-02 -3.314407e-02 9.990420e-01 2.617200e+00 8.219700e-02 9.961432e-01 3.069679e-02 6.179748e-02 -9.962063e-01 8.124106e-02 3.119015e-02 -2.150531e-01
3.058366e-02 -3.193720e-02 9.990218e-01 2.634212e+00 8.273356e-02 9.961405e-01 2.931231e-02 6.196833e-02 -9.961023e-01 8.175616e-02 3.310790e-02 -2.150438e-01
3.512666e-02 -3.696612e-02 9.986990e-01 2.651105e+00 8.545989e-02 9.957664e-01 3.385174e-02 6.220476e-02 -9.957222e-01 8.415960e-02 3.813707e-02 -2.149253e-01
4.067222e-02 -3.872415e-02 9.984219e-01 2.667268e+00 8.531484e-02 9.957340e-01 3.514448e-02 6.240315e-02 -9.955236e-01 8.375079e-02 4.380246e-02 -2.147442e-01
4.929526e-02 -3.857129e-02 9.980392e-01 2.683427e+00 8.588998e-02 9.957161e-01 3.423922e-02 6.261746e-02 -9.950844e-01 8.403374e-02 5.239697e-02 -2.142494e-01
5.823309e-02 -3.428107e-02 9.977142e-01 2.699495e+00 8.478922e-02 9.959688e-01 2.927225e-02 6.283097e-02 -9.946958e-01 8.289080e-02 6.090500e-02 -2.136028e-01
6.728636e-02 -3.276094e-02 9.971957e-01 2.715861e+00 8.518109e-02 9.960003e-01 2.697402e-02 6.304063e-02 -9.940909e-01 8.312723e-02 6.980785e-02 -2.131915e-01
7.802923e-02 -3.541125e-02 9.963220e-01 2.731665e+00 8.636970e-02 9.958517e-01 2.863029e-02 6.328045e-02 -9.932028e-01 8.381803e-02 8.076400e-02 -2.126785e-01
8.924322e-02 -3.591956e-02 9.953620e-01 2.747690e+00 8.587257e-02 9.959058e-01 2.823994e-02 6.348716e-02 -9.923011e-01 8.295407e-02 9.196235e-02 -2.119142e-01
1.012444e-01 -3.658708e-02 9.941886e-01 2.763609e+00 8.800579e-02 9.957353e-01 2.768183e-02 6.375442e-02 -9.909614e-01 8.469173e-02 1.040325e-01 -2.109754e-01
1.119766e-01 -3.849761e-02 9.929648e-01 2.779862e+00 8.967506e-02 9.955636e-01 2.848571e-02 6.397726e-02 -9.896563e-01 8.585445e-02 1.149321e-01 -2.098127e-01
1.235824e-01 -4.395971e-02 9.913601e-01 2.795958e+00 8.983386e-02 9.954119e-01 3.294074e-02 6.416032e-02 -9.882597e-01 8.498681e-02 1.269645e-01 -2.086036e-01
1.362780e-01 -5.131628e-02 9.893407e-01 2.811725e+00 8.795551e-02 9.953405e-01 3.951194e-02 6.438956e-02 -9.867584e-01 8.163335e-02 1.401566e-01 -2.069504e-01
1.482647e-01 -5.756844e-02 9.872707e-01 2.827284e+00 8.813745e-02 9.951009e-01 4.478886e-02 6.473192e-02 -9.850124e-01 8.037492e-02 1.526123e-01 -2.052153e-01
1.602323e-01 -5.755983e-02 9.853996e-01 2.842955e+00 8.883714e-02 9.950879e-01 4.368026e-02 6.512948e-02 -9.830735e-01 8.054110e-02 1.645587e-01 -2.031357e-01
1.719612e-01 -5.297610e-02 9.836782e-01 2.858818e+00 8.595941e-02 9.955511e-01 3.858856e-02 6.550913e-02 -9.813462e-01 7.792066e-02 1.757499e-01 -2.006888e-01
1.825445e-01 -5.040783e-02 9.819045e-01 2.874640e+00 8.293653e-02 9.959149e-01 3.570846e-02 6.577533e-02 -9.796933e-01 7.491737e-02 1.859795e-01 -1.982056e-01
1.917012e-01 -5.580159e-02 9.798657e-01 2.890552e+00 8.218177e-02 9.957888e-01 4.063032e-02 6.603350e-02 -9.780066e-01 7.273822e-02 1.954798e-01 -1.954184e-01
1.994876e-01 -6.193365e-02 9.779412e-01 2.906593e+00 8.119287e-02 9.956136e-01 4.649054e-02 6.641747e-02 -9.765308e-01 7.012757e-02 2.036411e-01 -1.923628e-01
2.036942e-01 -6.339640e-02 9.769798e-01 2.922698e+00 7.930103e-02 9.956907e-01 4.807678e-02 6.687488e-02 -9.758176e-01 6.768254e-02 2.078438e-01 -1.891771e-01
2.036010e-01 -5.789828e-02 9.773405e-01 2.939326e+00 7.660628e-02 9.961315e-01 4.305273e-02 6.734338e-02 -9.760523e-01 6.610484e-02 2.072487e-01 -1.858700e-01
2.027164e-01 -5.311285e-02 9.777960e-01 2.956402e+00 7.400593e-02 9.965033e-01 3.878612e-02 6.776522e-02 -9.764370e-01 6.450013e-02 2.059382e-01 -1.823565e-01
2.004748e-01 -4.938090e-02 9.784536e-01 2.973509e+00 7.234520e-02 9.967483e-01 3.548144e-02 6.806843e-02 -9.770241e-01 6.367329e-02 2.033953e-01 -1.788658e-01
1.972993e-01 -4.871450e-02 9.791322e-01 2.990872e+00 7.170266e-02 9.968067e-01 3.514546e-02 6.831554e-02 -9.777176e-01 6.327221e-02 2.001622e-01 -1.755369e-01
1.929589e-01 -4.772311e-02 9.800456e-01 3.007994e+00 7.091734e-02 9.968826e-01 3.458023e-02 6.852492e-02 -9.786407e-01 6.282966e-02 1.957418e-01 -1.722701e-01
1.877790e-01 -4.556307e-02 9.811539e-01 3.024429e+00 6.939582e-02 9.970426e-01 3.301953e-02 6.872147e-02 -9.797567e-01 6.188760e-02 1.903856e-01 -1.693653e-01
1.832518e-01 -4.556134e-02 9.820096e-01 3.040624e+00 6.836823e-02 9.970974e-01 3.350323e-02 6.897478e-02 -9.806858e-01 6.099873e-02 1.858348e-01 -1.664739e-01
1.786573e-01 -4.340348e-02 9.829536e-01 3.056478e+00 6.728836e-02 9.972266e-01 3.180369e-02 6.922410e-02 -9.816078e-01 6.045938e-02 1.810824e-01 -1.636208e-01
1.732164e-01 -4.085946e-02 9.840359e-01 3.072569e+00 6.753275e-02 9.972802e-01 2.952184e-02 6.941416e-02 -9.825657e-01 6.134098e-02 1.755047e-01 -1.608596e-01
1.692435e-01 -4.047552e-02 9.847428e-01 3.088686e+00 6.697422e-02 9.973190e-01 2.948187e-02 6.955772e-02 -9.832960e-01 6.096276e-02 1.715005e-01 -1.581417e-01
1.651420e-01 -4.142932e-02 9.853993e-01 3.104204e+00 6.668654e-02 9.972999e-01 3.075374e-02 6.967752e-02 -9.840127e-01 6.063413e-02 1.674589e-01 -1.555791e-01
1.622528e-01 -4.392972e-02 9.857709e-01 3.119586e+00 6.801878e-02 9.971301e-01 3.324039e-02 6.982256e-02 -9.844021e-01 6.165759e-02 1.647752e-01 -1.530818e-01
1.609296e-01 -4.666790e-02 9.858619e-01 3.135072e+00 6.892555e-02 9.969741e-01 3.594269e-02 7.006470e-02 -9.845562e-01 6.216683e-02 1.636593e-01 -1.506872e-01
1.599086e-01 -4.886089e-02 9.859218e-01 3.150524e+00 7.122670e-02 9.967420e-01 3.784472e-02 7.036107e-02 -9.845588e-01 6.417226e-02 1.628678e-01 -1.484585e-01
1.601956e-01 -4.795011e-02 9.859200e-01 3.166041e+00 7.361412e-02 9.966183e-01 3.650935e-02 7.071394e-02 -9.843365e-01 6.672900e-02 1.631836e-01 -1.462667e-01
1.630108e-01 -4.511715e-02 9.855922e-01 3.181192e+00 7.516968e-02 9.966183e-01 3.318929e-02 7.107414e-02 -9.837566e-01 6.867644e-02 1.658510e-01 -1.442148e-01
1.701711e-01 -4.550734e-02 9.843632e-01 3.196841e+00 7.670190e-02 9.965141e-01 3.280929e-02 7.141771e-02 -9.824249e-01 6.991933e-02 1.730684e-01 -1.419591e-01
1.809722e-01 -4.637838e-02 9.823941e-01 3.212248e+00 7.889975e-02 9.963525e-01 3.250280e-02 7.174192e-02 -9.803183e-01 7.162855e-02 1.839713e-01 -1.395913e-01
1.941423e-01 -4.683308e-02 9.798548e-01 3.227549e+00 8.052988e-02 9.962492e-01 3.166098e-02 7.205608e-02 -9.776624e-01 7.276085e-02 1.971856e-01 -1.371416e-01
2.077197e-01 -4.423058e-02 9.771879e-01 3.242760e+00 7.922677e-02 9.964559e-01 2.826157e-02 7.236996e-02 -9.749747e-01 7.154896e-02 2.104877e-01 -1.346946e-01
2.219948e-01 -3.899187e-02 9.742679e-01 3.257605e+00 7.619948e-02 9.968380e-01 2.253250e-02 7.256042e-02 -9.720658e-01 6.923661e-02 2.242640e-01 -1.320162e-01
2.362425e-01 -3.289879e-02 9.711370e-01 3.272145e+00 7.412403e-02 9.971247e-01 1.574746e-02 7.265770e-02 -9.688628e-01 6.826437e-02 2.380019e-01 -1.292927e-01
2.518524e-01 -2.646249e-02 9.674038e-01 3.287175e+00 7.243008e-02 9.973379e-01 8.424977e-03 7.266540e-02 -9.650514e-01 6.794729e-02 2.530986e-01 -1.260409e-01
2.692715e-01 -1.988357e-02 9.628590e-01 3.302439e+00 7.096654e-02 9.974784e-01 7.520989e-04 7.253910e-02 -9.604460e-01 6.812825e-02 2.700036e-01 -1.222927e-01
2.879503e-01 -1.483240e-02 9.575305e-01 3.317764e+00 6.976895e-02 9.975479e-01 -5.528765e-03 7.231246e-02 -9.551005e-01 6.839791e-02 2.882791e-01 -1.181476e-01
3.057196e-01 -1.281351e-02 9.520354e-01 3.333295e+00 6.978192e-02 9.975218e-01 -8.982807e-03 7.199924e-02 -9.495609e-01 6.918108e-02 3.058562e-01 -1.135723e-01
3.239282e-01 -1.185985e-02 9.460073e-01 3.348916e+00 7.004883e-02 9.974775e-01 -1.148074e-02 7.163195e-02 -9.434849e-01 6.998564e-02 3.239419e-01 -1.087829e-01
3.411845e-01 -1.066159e-02 9.399359e-01 3.364459e+00 6.935887e-02 9.974955e-01 -1.386188e-02 7.121347e-02 -9.374340e-01 6.992235e-02 3.410695e-01 -1.037208e-01
3.576235e-01 -7.604417e-03 9.338349e-01 3.380181e+00 6.696766e-02 9.976013e-01 -1.752240e-02 7.070138e-02 -9.314616e-01 6.880316e-02 3.572749e-01 -9.831022e-02
3.722031e-01 -3.384511e-03 9.281452e-01 3.395795e+00 6.533643e-02 9.976082e-01 -2.256328e-02 7.014061e-02 -9.258488e-01 6.903981e-02 3.715340e-01 -9.250158e-02
3.846910e-01 -9.830892e-04 9.230449e-01 3.411279e+00 6.625069e-02 9.974498e-01 -2.654851e-02 6.947688e-02 -9.206648e-01 7.136533e-02 3.837751e-01 -8.644150e-02
3.954143e-01 -6.564745e-04 9.185027e-01 3.426743e+00 6.642505e-02 9.974017e-01 -2.788304e-02 6.874544e-02 -9.160978e-01 7.203693e-02 3.944305e-01 -8.027791e-02
4.058942e-01 -2.296596e-03 9.139172e-01 3.441920e+00 6.293924e-02 9.976929e-01 -2.544582e-02 6.803688e-02 -9.117503e-01 6.784957e-02 4.051023e-01 -7.403918e-02
4.161503e-01 -7.307890e-03 9.092665e-01 3.456946e+00 6.045202e-02 9.979777e-01 -1.964662e-02 6.736501e-02 -9.072841e-01 6.314294e-02 4.157505e-01 -6.758414e-02
4.262774e-01 -1.694367e-02 9.044338e-01 3.471405e+00 6.076217e-02 9.981028e-01 -9.939934e-03 6.676848e-02 -9.025495e-01 5.919253e-02 4.264982e-01 -6.135317e-02
4.352771e-01 -2.604316e-02 8.999198e-01 3.485220e+00 6.610130e-02 9.978081e-01 -3.096171e-03 6.632162e-02 -8.978666e-01 6.083356e-02 4.360445e-01 -5.488091e-02
4.424896e-01 -2.481452e-02 8.964302e-01 3.499081e+00 6.721044e-02 9.977233e-01 -5.557486e-03 6.596651e-02 -8.942515e-01 6.270860e-02 4.431500e-01 -4.799778e-02
4.492853e-01 -1.732454e-02 8.932203e-01 3.512976e+00 6.650273e-02 9.976866e-01 -1.409981e-02 6.556436e-02 -8.909097e-01 6.573643e-02 4.493981e-01 -4.082192e-02
4.553580e-01 -6.778986e-03 8.902826e-01 3.527596e+00 6.487013e-02 9.975657e-01 -2.558362e-02 6.506515e-02 -8.879420e-01 6.940245e-02 4.546893e-01 -3.323802e-02
4.582677e-01 -1.676240e-05 8.888142e-01 3.542349e+00 6.489051e-02 9.973320e-01 -3.343838e-02 6.433323e-02 -8.864423e-01 7.299934e-02 4.570461e-01 -2.555617e-02
4.595862e-01 -1.762361e-03 8.881314e-01 3.556727e+00 6.748503e-02 9.971763e-01 -3.294311e-02 6.354325e-02 -8.855655e-01 7.507577e-02 4.584074e-01 -1.808970e-02
4.610423e-01 -5.813709e-03 8.873591e-01 3.570906e+00 6.982066e-02 9.971160e-01 -2.974369e-02 6.277708e-02 -8.846271e-01 7.566909e-02 4.601186e-01 -1.074708e-02
4.629180e-01 -7.290232e-03 8.863711e-01 3.584780e+00 7.203400e-02 9.969682e-01 -2.942075e-02 6.206064e-02 -8.834693e-01 7.746825e-02 4.620396e-01 -3.529906e-03
