1.000000e+00 0.000000e+00 0.000000e+00 0.000000e+00 0.000000e+00 1.000000e+00 0.000000e+00 -0.000000e+00 0.000000e+00 0.000000e+00 1.000000e+00 -0.000000e+00
9.999112e-01 -2.482495e-04 1.332627e-02 -1.818327e-04 2.646033e-04 9.999992e-01 -1.225436e-03 -1.587367e-04 -1.332596e-02 1.228853e-03 9.999105e-01 1.059057e-02
9.997906e-01 -5.985572e-04 2.045579e-02 -1.131667e-04 6.339759e-04 9.999983e-01 -1.725032e-03 -3.038429e-04 -2.045472e-02 1.737640e-03 9.997893e-01 2.118942e-02
9.997754e-01 -2.431734e-03 2.105380e-02 -6.152115e-05 2.455170e-03 9.999964e-01 -1.087382e-03 -5.199905e-04 -2.105108e-02 1.138829e-03 9.997778e-01 3.185634e-02
9.998508e-01 -3.363425e-03 1.694097e-02 2.779669e-04 3.368881e-03 9.999943e-01 -2.935551e-04 -7.406993e-04 -1.693989e-02 3.505834e-04 9.998564e-01 4.209923e-02
9.999593e-01 -4.106250e-03 8.039216e-03 7.857442e-04 4.101093e-03 9.999914e-01 6.578586e-04 -8.565329e-04 -8.041847e-03 -6.248622e-04 9.999675e-01 5.196460e-02
9.999702e-01 -4.348922e-03 -6.383029e-03 1.312410e-03 4.362177e-03 9.999884e-01 2.064143e-03 -9.555470e-04 6.373978e-03 -2.091926e-03 9.999775e-01 6.191513e-02
9.996905e-01 -3.819084e-03 -2.458471e-02 1.956138e-03 3.862371e-03 9.999911e-01 1.713463e-03 -1.056721e-03 2.457794e-02 -1.807888e-03 9.996963e-01 7.168972e-02
9.989926e-01 -2.370888e-03 -4.481292e-02 2.514382e-03 2.406367e-03 9.999968e-01 7.377794e-04 -1.185344e-03 4.481103e-02 -8.448724e-04 9.989951e-01 8.184011e-02
9.978150e-01 -1.296942e-03 -6.605668e-02 2.830171e-03 1.338403e-03 9.999989e-01 5.834070e-04 -1.308124e-03 6.605585e-02 -6.705427e-04 9.978157e-01 9.203564e-02
9.961125e-01 -1.484176e-03 -8.807803e-02 2.886641e-03 1.525568e-03 9.999988e-01 4.026350e-04 -1.395037e-03 8.807733e-02 -5.354388e-04 9.961135e-01 1.020776e-01
9.939419e-01 -2.109959e-03 -1.098866e-01 2.696007e-03 2.110445e-03 9.999978e-01 -1.118898e-04 -1.508843e-03 1.098866e-01 -1.206977e-04 9.939441e-01 1.120543e-01
9.913261e-01 -2.805212e-03 -1.313954e-01 2.301122e-03 2.703056e-03 9.999959e-01 -9.558238e-04 -1.653099e-03 1.313976e-01 5.923638e-04 9.913296e-01 1.222497e-01
9.886899e-01 -2.302343e-03 -1.499563e-01 1.396736e-03 1.996353e-03 9.999956e-01 -2.191026e-03 -1.826241e-03 1.499607e-01 1.866880e-03 9.886902e-01 1.328474e-01
9.861089e-01 -1.813131e-03 -1.660899e-01 2.079690e-04 1.264097e-03 9.999934e-01 -3.411291e-03 -2.001494e-03 1.660950e-01 3.153951e-03 9.861047e-01 1.438164e-01
9.837000e-01 -8.652652e-04 -1.798153e-01 -1.342712e-03 2.071549e-04 9.999932e-01 -3.678669e-03 -2.195260e-03 1.798173e-01 3.581457e-03 9.836935e-01 1.553945e-01
9.813882e-01 -1.349823e-03 -1.920297e-01 -3.279805e-03 7.908503e-04 9.999952e-01 -2.987483e-03 -2.401196e-03 1.920328e-01 2.780014e-03 9.813846e-01 1.674584e-01
9.795706e-01 -1.784470e-03 -2.010926e-01 -5.601787e-03 1.733179e-03 9.999984e-01 -4.311230e-04 -2.630350e-03 2.010930e-01 7.378590e-05 9.795721e-01 1.796720e-01
9.778820e-01 6.980985e-04 -2.091564e-01 -8.111322e-03 -4.805690e-04 9.999993e-01 1.090850e-03 -2.884208e-03 2.091570e-01 -9.662083e-04 9.778816e-01 1.924190e-01
9.762183e-01 3.268507e-03 -2.167651e-01 -1.075889e-02 -2.795208e-03 9.999930e-01 2.490027e-03 -3.124785e-03 2.167717e-01 -1.824907e-03 9.762206e-01 2.052610e-01
9.740408e-01 4.147362e-03 -2.263343e-01 -1.345990e-02 -3.111278e-03 9.999830e-01 4.934204e-03 -3.293456e-03 2.263509e-01 -4.101927e-03 9.740372e-01 2.182358e-01
9.718418e-01 6.266390e-03 -2.355510e-01 -1.628194e-02 -4.391392e-03 9.999544e-01 8.483796e-03 -3.488955e-03 2.355934e-01 -7.210511e-03 9.718250e-01 2.320996e-01
9.699473e-01 4.281150e-03 -2.432775e-01 -1.948930e-02 -1.723249e-03 9.999410e-01 1.072618e-02 -3.617389e-03 2.433090e-01 -9.984597e-03 9.698974e-01 2.452387e-01
9.678605e-01 6.246404e-03 -2.514100e-01 -2.268198e-02 -3.032954e-03 9.999087e-01 1.316716e-02 -3.714472e-03 2.514693e-01 -1.198146e-02 9.677911e-01 2.583518e-01
9.652410e-01 1.029005e-02 -2.611589e-01 -2.594314e-02 -6.240511e-03 9.998472e-01 1.633061e-02 -3.740799e-03 2.612870e-01 -1.413321e-02 9.651577e-01 2.716808e-01
9.624185e-01 1.544165e-02 -2.711312e-01 -2.944523e-02 -1.060936e-02 9.997578e-01 1.927947e-02 -3.745915e-03 2.713633e-01 -1.567839e-02 9.623493e-01 2.851084e-01
9.595589e-01 1.657933e-02 -2.810194e-01 -3.248149e-02 -1.117824e-02 9.997209e-01 2.081181e-02 -3.697172e-03 2.812860e-01 -1.682886e-02 9.594764e-01 2.979869e-01
9.563051e-01 1.679119e-02 -2.918881e-01 -3.626900e-02 -1.033573e-02 9.996670e-01 2.364432e-02 -3.588370e-03 2.921879e-01 -1.959431e-02 9.561602e-01 3.116530e-01
9.535616e-01 1.779358e-02 -3.006719e-01 -4.040638e-02 -1.051990e-02 9.996119e-01 2.579324e-02 -3.491483e-03 3.010142e-01 -2.143241e-02 9.533788e-01 3.253703e-01
9.508335e-01 2.054809e-02 -3.090203e-01 -4.463262e-02 -1.207487e-02 9.994975e-01 2.930738e-02 -3.374978e-03 3.094672e-01 -2.413506e-02 9.506038e-01 3.389837e-01
9.481731e-01 2.283766e-02 -3.169325e-01 -4.892222e-02 -1.243238e-02 9.993164e-01 3.481498e-02 -3.170369e-03 3.175109e-01 -2.907040e-02 9.478089e-01 3.525337e-01
9.457683e-01 2.616154e-02 -3.237868e-01 -5.344096e-02 -1.304224e-02 9.990061e-01 4.262249e-02 -2.804104e-03 3.245801e-01 -3.608810e-02 9.451695e-01 3.663508e-01
9.437486e-01 3.038593e-02 -3.292649e-01 -5.808915e-02 -1.441503e-02 9.986029e-01 5.083844e-02 -2.337724e-03 3.303496e-01 -4.323234e-02 9.428680e-01 3.800165e-01
9.412250e-01 3.552276e-02 -3.359073e-01 -6.298596e-02 -1.645083e-02 9.980955e-01 5.945443e-02 -1.753097e-03 3.373795e-01 -5.043404e-02 9.400167e-01 3.938792e-01
9.389406e-01 4.152152e-02 -3.415649e-01 -6.798096e-02 -1.937126e-02 9.974967e-01 6.800793e-02 -1.131072e-03 3.435337e-01 -5.723886e-02 9.373944e-01 4.076405e-01
9.365050e-01 4.603512e-02 -3.476194e-01 -7.307712e-02 -2.132876e-02 9.969877e-01 7.456995e-02 -2.620260e-04 3.500051e-01 -6.242084e-02 9.346658e-01 4.215793e-01
9.339479e-01 5.115426e-02 -3.537296e-01 -7.826397e-02 -2.413720e-02 9.964724e-01 8.037473e-02 6.397123e-04 3.565933e-01 -6.652776e-02 9.318880e-01 4.353727e-01
9.314573e-01 5.551889e-02 -3.595900e-01 -8.342948e-02 -2.634426e-02 9.959868e-01 8.553498e-02 1.645509e-03 3.628957e-01 -7.019905e-02 9.291818e-01 4.490078e-01
9.288821e-01 5.996124e-02 -3.654898e-01 -8.863126e-02 -2.881720e-02 9.955172e-01 9.008368e-02 2.716349e-03 3.692529e-01 -7.314472e-02 9.264460e-01 4.626007e-01
9.262174e-01 6.336570e-02 -3.716263e-01 -9.391167e-02 -3.101290e-02 9.952386e-01 9.240279e-02 3.826246e-03 3.757120e-01 -7.405987e-02 9.237725e-01 4.762580e-01
9.238035e-01 6.431414e-02 -3.774265e-01 -9.930899e-02 -3.118839e-02 9.951552e-01 9.323831e-02 4.984347e-03 3.815945e-01 -7.436256e-02 9.213338e-01 4.900003e-01
9.211287e-01 6.336209e-02 -3.840665e-01 -1.046488e-01 -3.011805e-02 9.953063e-01 9.196868e-02 6.109368e-03 3.880912e-01 -7.314765e-02 9.187136e-01 5.035345e-01
9.183983e-01 6.248441e-02 -3.906919e-01 -1.100187e-01 -2.924812e-02 9.954710e-01 9.045488e-02 7.199306e-03 3.945745e-01 -7.164660e-02 9.160664e-01 5.166904e-01
9.153298e-01 6.115246e-02 -3.980348e-01 -1.153543e-01 -2.788133e-02 9.956546e-01 8.885181e-02 8.238097e-03 4.017387e-01 -7.023097e-02 9.130573e-01 5.295715e-01
9.116967e-01 6.010979e-02 -4.064431e-01 -1.207885e-01 -2.721474e-02 9.959026e-01 8.624061e-02 9.251314e-03 4.099616e-01 -6.756404e-02 9.095969e-01 5.423807e-01
9.079907e-01 5.728319e-02 -4.150560e-01 -1.263893e-01 -2.576197e-02 9.963686e-01 8.115421e-02 1.024870e-02 4.181976e-01 -6.299460e-02 9.061691e-01 5.551877e-01
9.039543e-01 5.511440e-02 -4.240626e-01 -1.322035e-01 -2.485686e-02 9.967551e-01 7.655969e-02 1.117344e-02 4.269061e-01 -5.866560e-02 9.023910e-01 5.681711e-01
8.997546e-01 5.365524e-02 -4.330852e-01 -1.383665e-01 -2.452190e-02 9.970610e-01 7.258120e-02 1.202771e-02 4.357068e-01 -5.468519e-02 8.984259e-01 5.814723e-01
8.953759e-01 5.375236e-02 -4.420551e-01 -1.446235e-01 -2.484519e-02 9.971719e-01 7.092907e-02 1.282020e-02 4.446175e-01 -5.252524e-02 8.941792e-01 5.946759e-01
8.907620e-01 5.415416e-02 -4.512321e-01 -1.510431e-01 -2.495908e-02 9.972060e-01 7.040780e-02 1.358504e-02 4.537842e-01 -5.145425e-02 8.896248e-01 6.078082e-01
8.860217e-01 5.356248e-02 -4.605394e-01 -1.576974e-01 -2.445478e-02 9.973207e-01 6.894418e-02 1.435041e-02 4.629983e-01 -4.982365e-02 8.849577e-01 6.211950e-01
8.813389e-01 5.288175e-02 -4.695161e-01 -1.643838e-01 -2.421449e-02 9.974664e-01 6.689143e-02 1.509233e-02 4.718638e-01 -4.758493e-02 8.803864e-01 6.343718e-01
8.770044e-01 5.077876e-02 -4.777915e-01 -1.711723e-01 -2.252339e-02 9.976515e-01 6.468594e-02 1.579807e-02 4.799541e-01 -4.596838e-02 8.760885e-01 6.472867e-01
8.729588e-01 4.889963e-02 -4.853367e-01 -1.779904e-01 -2.198309e-02 9.978956e-01 6.100174e-02 1.645176e-02 4.872983e-01 -4.258281e-02 8.721967e-01 6.602870e-01
8.688552e-01 4.598728e-02 -4.929259e-01 -1.848269e-01 -2.102474e-02 9.982056e-01 5.606789e-02 1.703982e-02 4.946197e-01 -3.835124e-02 8.682629e-01 6.730868e-01
8.646363e-01 4.319982e-02 -5.005375e-01 -1.919010e-01 -1.952762e-02 9.984332e-01 5.243931e-02 1.757453e-02 5.020187e-01 -3.556662e-02 8.641252e-01 6.860138e-01
8.609158e-01 4.164043e-02 -5.070404e-01 -1.988432e-01 -1.815064e-02 9.985242e-01 5.118489e-02 1.807963e-02 5.084235e-01 -3.486278e-02 8.604011e-01 6.987369e-01
8.572900e-01 4.024511e-02 -5.132585e-01 -2.059809e-01 -1.672035e-02 9.985905e-01 5.037265e-02 1.857551e-02 5.145623e-01 -3.460211e-02 8.567545e-01 7.115237e-01
8.535824e-01 3.836776e-02 -5.195431e-01 -2.133121e-01 -1.530471e-02 9.987007e-01 4.860824e-02 1.904959e-02 5.207330e-01 -3.353968e-02 8.530605e-01 7.241768e-01
8.502919e-01 3.641925e-02 -5.250498e-01 -2.207016e-01 -1.336191e-02 9.987752e-01 4.763951e-02 1.952146e-02 5.261417e-01 -3.349182e-02 8.497371e-01 7.367491e-01
8.465900e-01 3.541295e-02 -5.310662e-01 -2.281912e-01 -1.200443e-02 9.988007e-01 4.746612e-02 2.000599e-02 5.321102e-01 -3.380919e-02 8.459998e-01 7.492248e-01
8.423784e-01 3.511914e-02 -5.377408e-01 -2.355067e-01 -1.123056e-02 9.988015e-01 4.763758e-02 2.050693e-02 5.387694e-01 -3.408974e-02 8.417633e-01 7.614993e-01
8.400634e-01 3.570228e-02 -5.413122e-01 -2.428843e-01 -1.157482e-02 9.987845e-01 4.791191e-02 2.101613e-02 5.423648e-01 -3.398345e-02 8.394555e-01 7.740653e-01
8.390988e-01 3.459363e-02 -5.428779e-01 -2.507517e-01 -1.098879e-02 9.988502e-01 4.666458e-02 2.149172e-02 5.438680e-01 -3.319062e-02 8.385142e-01 7.867111e-01
8.387311e-01 3.334465e-02 -5.435240e-01 -2.587047e-01 -1.065575e-02 9.989373e-01 4.484054e-02 2.191075e-02 5.444416e-01 -3.181750e-02 8.381951e-01 7.993108e-01
8.383748e-01 3.207062e-02 -5.441499e-01 -2.667518e-01 -9.618240e-03 9.989827e-01 4.405827e-02 2.230243e-02 5.450093e-01 -3.170358e-02 8.378304e-01 8.120977e-01
8.378768e-01 3.231343e-02 -5.449021e-01 -2.746567e-01 -9.395168e-03 9.989521e-01 4.479260e-02 2.269650e-02 5.457785e-01 -3.241123e-02 8.373024e-01 8.246989e-01
8.368220e-01 3.186711e-02 -5.465468e-01 -2.825181e-01 -8.524450e-03 9.989419e-01 4.519273e-02 2.311323e-02 5.474087e-01 -3.315926e-02 8.362082e-01 8.373405e-01
8.350026e-01 3.059843e-02 -5.493946e-01 -2.904576e-01 -8.396895e-03 9.990450e-01 4.287953e-02 2.352087e-02 5.501820e-01 -3.119131e-02 8.344620e-01 8.500501e-01
8.328493e-01 2.800079e-02 -5.527912e-01 -2.985312e-01 -8.037987e-03 9.992261e-01 3.850404e-02 2.389140e-02 5.534415e-01 -2.762473e-02 8.324298e-01 8.627282e-01
8.301005e-01 2.489427e-02 -5.570578e-01 -3.065381e-01 -6.823407e-03 9.993816e-01 3.449329e-02 2.420876e-02 5.575721e-01 -2.483187e-02 8.297571e-01 8.751215e-01
8.259276e-01 2.323107e-02 -5.632974e-01 -3.144507e-01 -5.941293e-03 9.994538e-01 3.250734e-02 2.442177e-02 5.637450e-01 -2.350199e-02 8.256145e-01 8.874112e-01
8.201313e-01 2.292033e-02 -5.717161e-01 -3.224165e-01 -3.374244e-03 9.993737e-01 3.522492e-02 2.467125e-02 5.721654e-01 -2.695995e-02 8.196950e-01 8.995050e-01
8.136695e-01 2.395194e-02 -5.808341e-01 -3.304986e-01 -1.680940e-03 9.992436e-01 3.885119e-02 2.495721e-02 5.813253e-01 -3.063568e-02 8.130943e-01 9.115285e-01
8.073078e-01 2.334416e-02 -5.896687e-01 -3.387147e-01 -1.165078e-03 9.992784e-01 3.796495e-02 2.524504e-02 5.901294e-01 -2.996239e-02 8.067525e-01 9.234629e-01
8.012793e-01 2.115089e-02 -5.979165e-01 -3.470919e-01 -2.025255e-03 9.994651e-01 3.264132e-02 2.546713e-02 5.982870e-01 -2.494388e-02 8.008935e-01 9.353879e-01
7.957835e-01 2.000084e-02 -6.052509e-01 -3.558051e-01 -3.760270e-03 9.995984e-01 2.808826e-02 2.557486e-02 6.055696e-01 -2.007627e-02 7.955391e-01 9.474223e-01
7.913070e-01 2.165859e-02 -6.110354e-01 -3.646929e-01 -4.730080e-03 9.995593e-01 2.930452e-02 2.571103e-02 6.114008e-01 -2.029862e-02 7.910607e-01 9.593979e-01
7.874205e-01 2.442816e-02 -6.159320e-01 -3.735540e-01 -4.951948e-03 9.994329e-01 3.330732e-02 2.585193e-02 6.163963e-01 -2.317680e-02 7.870949e-01 9.711847e-01
7.835540e-01 3.004502e-02 -6.205969e-01 -3.824217e-01 -6.866992e-03 9.991879e-01 3.970366e-02 2.605592e-02 6.212858e-01 -2.684832e-02 7.831240e-01 9.827394e-01
7.793370e-01 3.129417e-02 -6.258231e-01 -3.915875e-01 -7.249617e-03 9.991356e-01 4.093366e-02 2.638437e-02 6.265631e-01 -2.736414e-02 7.788902e-01 9.946215e-01
7.752307e-01 2.931236e-02 -6.309978e-01 -4.008756e-01 -7.604344e-03 9.992834e-01 3.707816e-02 2.668215e-02 6.316324e-01 -2.394580e-02 7.748981e-01 1.006524e+00
7.715170e-01 2.672376e-02 -6.356472e-01 -4.101221e-01 -8.113921e-03 9.994495e-01 3.217039e-02 2.694034e-02 6.361569e-01 -1.966241e-02 7.713091e-01 1.018262e+00
7.678518e-01 2.574483e-02 -6.401100e-01 -4.194491e-01 -9.030165e-03 9.995279e-01 2.936816e-02 2.713309e-02 6.405639e-01 -1.677009e-02 7.677218e-01 1.029956e+00
7.637106e-01 2.697208e-02 -6.449950e-01 -4.291221e-01 -1.013250e-02 9.995045e-01 2.979932e-02 2.729697e-02 6.454792e-01 -1.622265e-02 7.636055e-01 1.041732e+00
7.595466e-01 2.815954e-02 -6.498431e-01 -4.386832e-01 -1.015851e-02 9.994541e-01 3.143576e-02 2.748992e-02 6.503736e-01 -1.727548e-02 7.594180e-01 1.053248e+00
7.546883e-01 2.944055e-02 -6.554226e-01 -4.482961e-01 -9.426705e-03 9.993761e-01 3.403599e-02 2.771569e-02 6.560157e-01 -1.950809e-02 7.544950e-01 1.064680e+00
7.495494e-01 2.841747e-02 -6.613382e-01 -4.579697e-01 -7.419021e-03 9.993760e-01 3.453424e-02 2.800810e-02 6.619068e-01 -2.097864e-02 7.492925e-01 1.075930e+00
7.440231e-01 2.634524e-02 -6.676342e-01 -4.676725e-01 -5.088885e-03 9.994168e-01 3.376643e-02 2.830586e-02 6.681345e-01 -2.172549e-02 7.437233e-01 1.086968e+00
7.383514e-01 2.491274e-02 -6.739559e-01 -4.775441e-01 -3.385390e-03 9.994418e-01 3.323545e-02 2.858911e-02 6.744077e-01 -2.225784e-02 7.380236e-01 1.098112e+00
7.323847e-01 2.498537e-02 -6.804325e-01 -4.876756e-01 -1.802920e-03 9.993942e-01 3.475701e-02 2.889847e-02 6.808887e-01 -2.422873e-02 7.319860e-01 1.109343e+00
7.264133e-01 2.485455e-02 -6.868086e-01 -4.978851e-01 -4.985539e-05 9.993477e-01 3.611214e-02 2.920847e-02 6.872581e-01 -2.619810e-02 7.259407e-01 1.120553e+00
7.203153e-01 2.564341e-02 -6.931726e-01 -5.085104e-01 5.176837e-04 9.992963e-01 3.750618e-02 2.955598e-02 6.936466e-01 -2.737512e-02 7.197951e-01 1.132120e+00
7.142062e-01 2.710800e-02 -6.994102e-01 -5.190846e-01 9.411261e-06 9.992494e-01 3.873889e-02 2.990240e-02 6.999354e-01 -2.767414e-02 7.136698e-01 1.143517e+00
7.078328e-01 2.882948e-02 -7.057915e-01 -5.296944e-01 -6.886186e-04 9.991945e-01 4.012351e-02 3.024801e-02 7.063797e-01 -2.791471e-02 7.072825e-01 1.154850e+00
7.011038e-01 2.994932e-02 -7.124300e-01 -5.401863e-01 -1.952318e-03 9.991944e-01 4.008313e-02 3.059112e-02 7.130565e-01 -2.671154e-02 7.005975e-01 1.165738e+00
6.944307e-01 3.032091e-02 -7.189205e-01 -5.510356e-01 -4.075797e-03 9.992615e-01 3.820751e-02 3.093083e-02 7.195480e-01 -2.360229e-02 6.940415e-01 1.176876e+00
6.875973e-01 3.033829e-02 -7.254582e-01 -5.617152e-01 -4.835559e-03 9.992959e-01 3.720684e-02 3.125142e-02 7.260762e-01 -2.207533e-02 6.872598e-01 1.187538e+00
6.812470e-01 3.018219e-02 -7.314312e-01 -5.723387e-01 -3.918950e-03 9.992857e-01 3.758503e-02 3.153889e-02 7.320432e-01 -2.273824e-02 6.808787e-01 1.197863e+00
6.744999e-01 3.125193e-02 -7.376132e-01 -5.828615e-01 -4.050056e-03 9.992452e-01 3.863350e-02 3.183007e-02 7.382638e-01 -2.307092e-02 6.741174e-01 1.208035e+00
6.686859e-01 3.085418e-02 -7.429046e-01 -5.936636e-01 -4.684854e-03 9.992937e-01 3.728567e-02 3.212215e-02 7.435302e-01 -2.145200e-02 6.683581e-01 1.218269e+00
6.624076e-01 2.967670e-02 -7.485556e-01 -6.043310e-01 -4.970669e-03 9.993672e-01 3.522158e-02 3.241282e-02 7.491271e-01 -1.961022e-02 6.621360e-01 1.228490e+00
6.566381e-01 3.076336e-02 -7.535781e-01 -6.156849e-01 -6.769016e-03 9.993679e-01 3.489899e-02 3.271958e-02 7.541754e-01 -1.781503e-02 6.564313e-01 1.238911e+00
6.513156e-01 3.163048e-02 -7.581474e-01 -6.269833e-01 -7.206557e-03 9.993436e-01 3.550230e-02 3.299637e-02 7.587727e-01 -1.765957e-02 6.511160e-01 1.249101e+00
6.463799e-01 3.297479e-02 -7.623029e-01 -6.382457e-01 -6.687969e-03 9.992722e-01 3.755439e-02 3.327803e-02 7.629865e-01 -1.917614e-02 6.461300e-01 1.259146e+00
6.411169e-01 3.395430e-02 -7.666918e-01 -6.498850e-01 -5.317755e-03 9.991933e-01 3.980427e-02 3.362927e-02 7.674249e-01 -2.144211e-02 6.407803e-01 1.269301e+00
6.354132e-01 3.399987e-02 -7.714234e-01 -6.615516e-01 -4.896601e-03 9.991875e-01 4.000511e-02 3.398371e-02 7.721568e-01 -2.164242e-02 6.350634e-01 1.279374e+00
6.301979e-01 3.236279e-02 -7.757598e-01 -6.732607e-01 -4.171266e-03 9.992577e-01 3.829799e-02 3.429919e-02 7.764234e-01 -2.089941e-02 6.298650e-01 1.289313e+00
6.248721e-01 3.051661e-02 -7.801305e-01 -6.850162e-01 -2.604362e-03 9.993117e-01 3.700434e-02 3.458783e-02 7.807228e-01 -2.109124e-02 6.245215e-01 1.299044e+00
6.197274e-01 2.944988e-02 -7.842644e-01 -6.968689e-01 -7.718879e-04 9.993181e-01 3.691540e-02 3.485218e-02 7.848168e-01 -2.227212e-02 6.193275e-01 1.308690e+00
6.147452e-01 2.814858e-02 -7.882233e-01 -7.086501e-01 1.479264e-03 9.993201e-01 3.684085e-02 3.514138e-02 7.887244e-01 -2.381372e-02 6.142855e-01 1.318225e+00
6.102597e-01 2.678732e-02 -7.917484e-01 -7.204604e-01 3.225986e-03 9.993358e-01 3.629716e-02 3.542740e-02 7.921948e-01 -2.470487e-02 6.097680e-01 1.327726e+00
6.062227e-01 2.515146e-02 -7.948971e-01 -7.325985e-01 5.959509e-03 9.993281e-01 3.616486e-02 3.572124e-02 7.952726e-01 -2.666116e-02 6.056655e-01 1.337244e+00
6.022599e-01 2.408920e-02 -7.979366e-01 -7.449923e-01 9.675571e-03 9.992509e-01 3.746960e-02 3.603962e-02 7.982415e-01 -3.028693e-02 6.015756e-01 1.346922e+00
5.977253e-01 2.489107e-02 -8.013145e-01 -7.576498e-01 1.303502e-02 9.990840e-01 4.075757e-02 3.639211e-02 8.015950e-01 -3.480698e-02 5.968533e-01 1.356641e+00
5.926077e-01 2.430149e-02 -8.051245e-01 -7.701846e-01 1.689138e-02 9.989501e-01 4.258464e-02 3.676471e-02 8.053141e-01 -3.883566e-02 5.915750e-01 1.366126e+00
5.857402e-01 2.284317e-02 -8.101769e-01 -7.829125e-01 2.060926e-02 9.988598e-01 4.306319e-02 3.717169e-02 8.102368e-01 -4.192099e-02 5.846015e-01 1.375499e+00
5.772548e-01 2.232815e-02 -8.162588e-01 -7.956627e-01 2.368638e-02 9.987476e-01 4.407090e-02 3.761718e-02 8.162205e-01 -4.477435e-02 5.760029e-01 1.384837e+00
5.685468e-01 2.081856e-02 -8.223875e-01 -8.084832e-01 2.543390e-02 9.987570e-01 4.286670e-02 3.807964e-02 8.222577e-01 -4.528824e-02 5.673106e-01 1.394146e+00
5.602211e-01 1.847675e-02 -8.281370e-01 -8.213168e-01 2.648548e-02 9.988405e-01 4.020235e-02 3.850699e-02 8.279196e-01 -4.445581e-02 5.590822e-01 1.403286e+00
5.517242e-01 1.844048e-02 -8.338227e-01 -8.342342e-01 2.669572e-02 9.988528e-01 3.975426e-02 3.891745e-02 8.335993e-01 -4.419288e-02 5.505990e-01 1.412299e+00
5.427314e-01 1.965189e-02 -8.396764e-01 -8.467459e-01 2.744202e-02 9.987776e-01 4.111288e-02 3.931578e-02 8.394579e-01 -4.535567e-02 5.415287e-01 1.420822e+00
5.336211e-01 2.104394e-02 -8.454618e-01 -8.593804e-01 2.851490e-02 9.986743e-01 4.285491e-02 3.974776e-02 8.452428e-01 -4.697654e-02 5.323136e-01 1.429202e+00
5.246592e-01 2.193796e-02 -8.510296e-01 -8.720890e-01 2.946460e-02 9.986010e-01 4.390698e-02 4.019675e-02 8.508023e-01 -4.811145e-02 5.232789e-01 1.437466e+00
5.157360e-01 2.021767e-02 -8.565090e-01 -8.849644e-01 3.167014e-02 9.985884e-01 4.264119e-02 4.066107e-02 8.561620e-01 -4.911736e-02 5.143677e-01 1.445714e+00
5.061572e-01 1.895271e-02 -8.622330e-01 -8.978745e-01 3.313583e-02 9.985930e-01 4.140178e-02 4.110125e-02 8.618045e-01 -4.952661e-02 5.048170e-01 1.453829e+00
4.963131e-01 1.884351e-02 -8.679391e-01 -9.108215e-01 3.444094e-02 9.985500e-01 4.137350e-02 4.152579e-02 8.674601e-01 -5.042685e-02 4.949445e-01 1.461709e+00
4.862618e-01 1.958784e-02 -8.735936e-01 -9.240319e-01 3.549334e-02 9.984809e-01 4.214447e-02 4.196040e-02 8.730920e-01 -5.150000e-02 4.848279e-01 1.469484e+00
4.760307e-01 2.016288e-02 -8.791975e-01 -9.373750e-01 3.629395e-02 9.984350e-01 4.254830e-02 4.238922e-02 8.786794e-01 -5.216385e-02 4.745539e-01 1.477153e+00
4.661774e-01 2.095222e-02 -8.844431e-01 -9.508236e-01 3.754002e-02 9.983506e-01 4.343747e-02 4.281281e-02 8.838944e-01 -5.345158e-02 4.646220e-01 1.484704e+00
4.571552e-01 2.036318e-02 -8.891538e-01 -9.644564e-01 3.879308e-02 9.983299e-01 4.280882e-02 4.322460e-02 8.885405e-01 -5.406329e-02 4.556017e-01 1.492227e+00
4.490414e-01 1.823148e-02 -8.933249e-01 -9.781696e-01 3.924433e-02 9.984246e-01 4.010308e-02 4.363516e-02 8.926487e-01 -5.306588e-02 4.476185e-01 1.499561e+00
4.428413e-01 1.585209e-02 -8.964599e-01 -9.918193e-01 4.019694e-02 9.984873e-01 3.751309e-02 4.401194e-02 8.956985e-01 -5.264728e-02 4.415342e-01 1.506729e+00
4.372049e-01 1.588982e-02 -8.992215e-01 -1.005814e+00 4.087157e-02 9.984599e-01 3.751533e-02 4.435023e-02 8.984327e-01 -5.315448e-02 4.358821e-01 1.514007e+00
4.318752e-01 1.789595e-02 -9.017558e-01 -1.019803e+00 4.150442e-02 9.983497e-01 3.969051e-02 4.466056e-02 9.009779e-01 -5.456820e-02 4.304197e-01 1.521131e+00
4.266864e-01 2.004466e-02 -9.041775e-01 -1.033941e+00 4.237577e-02 9.982132e-01 4.212669e-02 4.501794e-02 9.034063e-01 -5.629011e-02 4.250746e-01 1.528129e+00
4.221293e-01 2.211093e-02 -9.062660e-01 -1.047984e+00 4.268282e-02 9.981090e-01 4.423292e-02 4.539688e-02 9.055303e-01 -5.735399e-02 4.203873e-01 1.535036e+00
4.177987e-01 2.482158e-02 -9.082005e-01 -1.062139e+00 4.274658e-02 9.979826e-01 4.694005e-02 4.579591e-02 9.075335e-01 -5.843395e-02 4.158948e-01 1.541858e+00
4.135031e-01 2.441748e-02 -9.101752e-01 -1.076579e+00 4.233320e-02 9.980437e-01 4.600721e-02 4.626357e-02 9.095180e-01 -5.755475e-02 4.116605e-01 1.548561e+00
4.097044e-01 2.112880e-02 -9.119736e-01 -1.091258e+00 4.217123e-02 9.982242e-01 4.207250e-02 4.668402e-02 9.112431e-01 -5.569633e-02 4.080858e-01 1.555345e+00
4.065802e-01 1.811360e-02 -9.134355e-01 -1.105857e+00 4.230123e-02 9.983580e-01 3.862637e-02 4.706639e-02 9.126353e-01 -5.434417e-02 4.051463e-01 1.562099e+00
4.036097e-01 1.679545e-02 -9.147771e-01 -1.120365e+00 4.230064e-02 9.984198e-01 3.699465e-02 4.737828e-02 9.139529e-01 -5.362706e-02 4.022614e-01 1.568789e+00
4.015898e-01 1.569545e-02 -9.156852e-01 -1.134859e+00 4.281261e-02 9.984383e-01 3.589011e-02 4.765763e-02 9.148184e-01 -5.361597e-02 4.002906e-01 1.575373e+00
3.989959e-01 1.370967e-02 -9.168502e-01 -1.149495e+00 4.308975e-02 9.985033e-01 3.368247e-02 4.788169e-02 9.159397e-01 -5.294601e-02 3.978080e-01 1.581826e+00
3.986392e-01 1.250638e-02 -9.170226e-01 -1.163844e+00 4.415443e-02 9.984857e-01 3.281177e-02 4.806057e-02 9.160443e-01 -5.357067e-02 3.974833e-01 1.588203e+00
3.982512e-01 1.264971e-02 -9.171892e-01 -1.178077e+00 4.494391e-02 9.984348e-01 3.328526e-02 4.823243e-02 9.161747e-01 -5.447797e-02 3.970593e-01 1.594558e+00
3.985102e-01 1.240658e-02 -9.170800e-01 -1.192196e+00 4.561188e-02 9.984032e-01 3.332705e-02 4.840583e-02 9.160290e-01 -5.511092e-02 3.973080e-01 1.600832e+00
3.992400e-01 1.035157e-02 -9.167880e-01 -1.206166e+00 4.698382e-02 9.983915e-01 3.173333e-02 4.857953e-02 9.156418e-01 -5.574342e-02 3.981115e-01 1.607049e+00
3.991670e-01 8.204454e-03 -9.168415e-01 -1.220227e+00 4.884797e-02 9.983495e-01 3.020087e-02 4.872880e-02 9.155761e-01 -5.684103e-02 3.981074e-01 1.613311e+00
3.989733e-01 8.191533e-03 -9.169260e-01 -1.234475e+00 5.046234e-02 9.982486e-01 3.087524e-02 4.888478e-02 9.155730e-01 -5.858863e-02 3.978611e-01 1.619557e+00
4.000595e-01 9.157605e-03 -9.164434e-01 -1.248587e+00 5.132240e-02 9.981571e-01 3.237815e-02 4.908106e-02 9.150510e-01 -5.998726e-02 3.988523e-01 1.625869e+00
4.019542e-01 1.086899e-02 -9.155953e-01 -1.262613e+00 5.167811e-02 9.980665e-01 3.453513e-02 4.930186e-02 9.142003e-01 -6.119777e-02 4.006153e-01 1.632128e+00
4.026633e-01 1.249409e-02 -9.152629e-01 -1.276713e+00 5.096521e-02 9.980497e-01 3.604598e-02 4.955744e-02 9.139282e-01 -6.116096e-02 4.012412e-01 1.638256e+00
4.038146e-01 1.417034e-02 -9.147311e-01 -1.291177e+00 4.920546e-02 9.980963e-01 3.718388e-02 4.981770e-02 9.135166e-01 -6.002516e-02 4.023486e-01 1.644457e+00
4.073485e-01 1.648982e-02 -9.131239e-01 -1.305387e+00 4.730660e-02 9.981138e-01 3.912830e-02 5.009471e-02 9.120467e-01 -5.913564e-02 4.058001e-01 1.650531e+00
4.115660e-01 1.847011e-02 -9.111928e-01 -1.319767e+00 4.595735e-02 9.981021e-01 4.098972e-02 5.042627e-02 9.102205e-01 -5.874598e-02 4.099360e-01 1.656738e+00
4.162498e-01 1.982978e-02 -9.090341e-01 -1.333904e+00 4.413568e-02 9.981430e-01 4.198349e-02 5.076008e-02 9.081785e-01 -5.759645e-02 4.146016e-01 1.662898e+00
4.216746e-01 2.019807e-02 -9.065223e-01 -1.348066e+00 4.254562e-02 9.982100e-01 4.203131e-02 5.113799e-02 9.057485e-01 -5.629209e-02 4.200604e-01 1.669083e+00
4.279052e-01 2.058412e-02 -9.035892e-01 -1.362013e+00 4.108184e-02 9.982644e-01 4.219564e-02 5.151344e-02 9.028895e-01 -5.517684e-02 4.263169e-01 1.675297e+00
4.354926e-01 2.099535e-02 -8.999474e-01 -1.375943e+00 3.985504e-02 9.982980e-01 4.257603e-02 5.187547e-02 8.993096e-01 -5.440898e-02 4.339146e-01 1.681638e+00
4.438143e-01 2.158691e-02 -8.958587e-01 -1.389697e+00 3.890799e-02 9.983029e-01 4.333071e-02 5.223824e-02 8.952737e-01 -5.408685e-02 4.422212e-01 1.688095e+00
4.523319e-01 2.363794e-02 -8.915364e-01 -1.403278e+00 3.719815e-02 9.982788e-01 4.534101e-02 5.263417e-02 8.910736e-01 -5.367269e-02 4.506740e-01 1.694648e+00
4.607004e-01 2.672518e-02 -8.871532e-01 -1.417086e+00 3.503372e-02 9.982200e-01 4.826411e-02 5.304032e-02 8.868640e-01 -5.331558e-02 4.589441e-01 1.701436e+00
4.707285e-01 2.908498e-02 -8.817986e-01 -1.431062e+00 3.293218e-02 9.981808e-01 5.050381e-02 5.353468e-02 8.816633e-01 -5.281313e-02 4.689143e-01 1.708462e+00
4.815189e-01 2.947264e-02 -8.759400e-01 -1.444930e+00 3.088689e-02 9.982430e-01 5.056679e-02 5.404030e-02 8.758913e-01 -5.140392e-02 4.797625e-01 1.715629e+00
4.921499e-01 2.863450e-02 -8.700394e-01 -1.458884e+00 2.887306e-02 9.983720e-01 4.919059e-02 5.453516e-02 8.700315e-01 -4.932984e-02 4.905219e-01 1.722930e+00
5.031863e-01 2.766736e-02 -8.637350e-01 -1.472990e+00 2.692202e-02 9.985004e-01 4.766817e-02 5.501963e-02 8.637585e-01 -4.723946e-02 5.016868e-01 1.730553e+00
5.128176e-01 2.753753e-02 -8.580558e-01 -1.487492e+00 2.571556e-02 9.985442e-01 4.741513e-02 5.552030e-02 8.581124e-01 -4.638070e-02 5.113629e-01 1.738666e+00
5.225987e-01 2.805016e-02 -8.521172e-01 -1.502368e+00 2.448403e-02 9.985527e-01 4.788648e-02 5.600500e-02 8.522271e-01 -4.588868e-02 5.211556e-01 1.747089e+00
5.317863e-01 2.886512e-02 -8.463865e-01 -1.517534e+00 2.379509e-02 9.985151e-01 4.900382e-02 5.651514e-02 8.465442e-01 -4.619941e-02 5.303098e-01 1.755824e+00
5.411308e-01 2.873927e-02 -8.404472e-01 -1.532000e+00 2.381635e-02 9.984912e-01 4.947803e-02 5.701756e-02 8.406011e-01 -4.679048e-02 5.396299e-01 1.764400e+00
5.506671e-01 2.870010e-02 -8.342314e-01 -1.546342e+00 2.302770e-02 9.985060e-01 4.955197e-02 5.749149e-02 8.344073e-01 -4.649707e-02 5.491835e-01 1.773231e+00
5.608504e-01 2.829905e-02 -8.274334e-01 -1.560249e+00 2.119234e-02 9.985975e-01 4.851761e-02 5.795576e-02 8.276459e-01 -4.474637e-02 5.594640e-01 1.782128e+00
5.698097e-01 2.679950e-02 -8.213396e-01 -1.574151e+00 1.969462e-02 9.987357e-01 4.625104e-02 5.841954e-02 8.215406e-01 -4.253026e-02 5.685615e-01 1.791377e+00
5.797290e-01 2.701166e-02 -8.143615e-01 -1.588035e+00 1.836555e-02 9.987633e-01 4.620220e-02 5.887807e-02 8.146023e-01 -4.174096e-02 5.785160e-01 1.801051e+00
5.900208e-01 2.922159e-02 -8.068590e-01 -1.601540e+00 1.595093e-02 9.987279e-01 4.783463e-02 5.936433e-02 8.072304e-01 -4.109358e-02 5.888042e-01 1.810761e+00
6.001509e-01 3.148916e-02 -7.992668e-01 -1.614603e+00 1.355800e-02 9.986808e-01 4.952596e-02 5.987831e-02 7.997719e-01 -4.055951e-02 5.989322e-01 1.820471e+00
6.098218e-01 3.212754e-02 -7.918871e-01 -1.627426e+00 1.193485e-02 9.986924e-01 4.970868e-02 6.035215e-02 7.924487e-01 -3.976449e-02 6.086410e-01 1.830252e+00
6.187681e-01 3.159118e-02 -7.849383e-01 -1.640160e+00 9.874193e-03 9.987994e-01 4.798223e-02 6.079084e-02 7.855117e-01 -3.744050e-02 6.177132e-01 1.840210e+00
6.271826e-01 3.064784e-02 -7.782691e-01 -1.652782e+00 8.174560e-03 9.989115e-01 4.592425e-02 6.121474e-02 7.788294e-01 -3.516490e-02 6.262493e-01 1.850334e+00
6.355523e-01 3.019268e-02 -7.714672e-01 -1.665184e+00 7.132553e-03 9.989628e-01 4.497207e-02 6.163939e-02 7.720248e-01 -3.408464e-02 6.346778e-01 1.860595e+00
6.444082e-01 3.087699e-02 -7.640580e-01 -1.677452e+00 5.627965e-03 9.989659e-01 4.511669e-02 6.207798e-02 7.646609e-01 -3.337366e-02 6.435681e-01 1.870970e+00
6.528498e-01 3.096550e-02 -7.568542e-01 -1.689555e+00 4.140940e-03 9.990033e-01 4.444456e-02 6.249149e-02 7.574761e-01 -3.214971e-02 6.520708e-01 1.881504e+00
6.607855e-01 2.944724e-02 -7.499969e-01 -1.701374e+00 3.013345e-03 9.991180e-01 4.188342e-02 6.286626e-02 7.505687e-01 -2.993596e-02 6.601140e-01 1.892015e+00
6.687647e-01 2.814813e-02 -7.429411e-01 -1.713025e+00 1.888658e-03 9.992155e-01 3.955780e-02 6.320417e-02 7.434718e-01 -2.785802e-02 6.681869e-01 1.902648e+00
6.766731e-01 2.834914e-02 -7.357376e-01 -1.724768e+00 1.884336e-04 9.992518e-01 3.867607e-02 6.354943e-02 7.362835e-01 -2.630970e-02 6.761615e-01 1.913575e+00
6.851282e-01 2.891463e-02 -7.278484e-01 -1.736514e+00 -1.700887e-03 9.992726e-01 3.809621e-02 6.391197e-02 7.284205e-01 -2.486280e-02 6.846790e-01 1.924677e+00
6.939124e-01 3.012856e-02 -7.194288e-01 -1.748099e+00 -5.179449e-03 9.993072e-01 3.685368e-02 6.428102e-02 7.200408e-01 -2.184698e-02 6.935877e-01 1.935847e+00
7.040925e-01 2.833459e-02 -7.095428e-01 -1.759391e+00 -6.051459e-03 9.994067e-01 3.390492e-02 6.454932e-02 7.100825e-01 -1.957843e-02 7.038462e-01 1.947217e+00
7.148755e-01 2.675842e-02 -6.987396e-01 -1.770258e+00 -7.500524e-03 9.995035e-01 3.060252e-02 6.471882e-02 6.992116e-01 -1.663608e-02 7.147212e-01 1.958564e+00
7.271780e-01 2.677733e-02 -6.859265e-01 -1.780863e+00 -8.893274e-03 9.995225e-01 2.959144e-02 6.490607e-02 6.863914e-01 -1.541811e-02 7.270689e-01 1.969786e+00
7.393847e-01 2.757815e-02 -6.727181e-01 -1.791549e+00 -1.020662e-02 9.995051e-01 2.975671e-02 6.511029e-02 6.732058e-01 -1.513548e-02 7.393003e-01 1.981312e+00
7.514777e-01 2.786591e-02 -6.591697e-01 -1.801991e+00 -1.028939e-02 9.994811e-01 3.052205e-02 6.529678e-02 6.596782e-01 -1.615418e-02 7.513745e-01 1.993023e+00
7.629783e-01 2.741737e-02 -6.458424e-01 -1.811846e+00 -1.095661e-02 9.995051e-01 2.948730e-02 6.547546e-02 6.463312e-01 -1.542193e-02 7.629011e-01 2.004645e+00
7.744672e-01 2.594847e-02 -6.320816e-01 -1.821274e+00 -1.096702e-02 9.995590e-01 2.759680e-02 6.562320e-02 6.325190e-01 -1.444077e-02 7.744102e-01 2.015986e+00
7.861236e-01 2.352227e-02 -6.176215e-01 -1.830385e+00 -1.062182e-02 9.996421e-01 2.455191e-02 6.572592e-02 6.179780e-01 -1.274057e-02 7.860921e-01 2.027411e+00
7.979416e-01 2.209155e-02 -6.023298e-01 -1.839253e+00 -1.086404e-02 9.996929e-01 2.227335e-02 6.579423e-02 6.026368e-01 -1.122910e-02 7.979366e-01 2.039032e+00
8.087472e-01 1.950309e-02 -5.878329e-01 -1.847590e+00 -1.013967e-02 9.997639e-01 1.921983e-02 6.578561e-02 5.880690e-01 -9.583556e-03 8.087540e-01 2.050586e+00
8.184247e-01 1.742148e-02 -5.743497e-01 -1.855848e+00 -9.430294e-03 9.998129e-01 1.688908e-02 6.576067e-02 5.745365e-01 -8.406155e-03 8.184358e-01 2.062388e+00
8.268935e-01 1.501206e-02 -5.621581e-01 -1.864030e+00 -7.988317e-03 9.998563e-01 1.495026e-02 6.570475e-02 5.623018e-01 -7.871578e-03 8.268946e-01 2.074589e+00
8.347268e-01 1.448231e-02 -5.504738e-01 -1.872078e+00 -7.935853e-03 9.998667e-01 1.427154e-02 6.565522e-02 5.506071e-01 -7.544359e-03 8.347304e-01 2.086933e+00
8.421970e-01 1.459709e-02 -5.389723e-01 -1.879844e+00 -8.421820e-03 9.998676e-01 1.391970e-02 6.559915e-02 5.391042e-01 -7.183999e-03 8.422085e-01 2.099163e+00
8.496728e-01 1.483729e-02 -5.271015e-01 -1.887280e+00 -9.472227e-03 9.998722e-01 1.287626e-02 6.551219e-02 5.272252e-01 -5.947785e-03 8.497048e-01 2.111357e+00
8.567396e-01 1.472809e-02 -5.155389e-01 -1.894702e+00 -9.784488e-03 9.998764e-01 1.230462e-02 6.541800e-02 5.156564e-01 -5.497572e-03 8.567778e-01 2.123851e+00
8.636995e-01 1.403269e-02 -5.038118e-01 -1.901875e+00 -9.332703e-03 9.998862e-01 1.185054e-02 6.529753e-02 5.039208e-01 -5.533381e-03 8.637322e-01 2.136325e+00
8.700530e-01 1.356786e-02 -4.927715e-01 -1.909065e+00 -8.604790e-03 9.998869e-01 1.233776e-02 6.519790e-02 4.928831e-01 -6.494313e-03 8.700713e-01 2.149107e+00
8.756117e-01 1.371513e-02 -4.828209e-01 -1.916097e+00 -8.842574e-03 9.998844e-01 1.236666e-02 6.509828e-02 4.829347e-01 -6.559011e-03 8.756318e-01 2.162075e+00
8.802477e-01 1.449141e-02 -4.742932e-01 -1.923063e+00 -1.033205e-02 9.998819e-01 1.137469e-02 6.499456e-02 4.744020e-01 -5.112125e-03 8.802935e-01 2.175267e+00
8.849248e-01 1.356321e-02 -4.655364e-01 -1.929726e+00 -1.122558e-02 9.999066e-01 7.793489e-03 6.480707e-02 4.655986e-01 -1.670737e-03 8.849944e-01 2.188368e+00
8.895571e-01 1.410080e-02 -4.566064e-01 -1.936285e+00 -1.393765e-02 9.998959e-01 3.725303e-03 6.458786e-02 4.566114e-01 3.050150e-03 8.896610e-01 2.201541e+00
8.940853e-01 1.513373e-02 -4.476411e-01 -1.942664e+00 -1.634253e-02 9.998658e-01 1.161845e-03 6.433473e-02 4.475986e-01 6.276798e-03 8.942126e-01 2.214662e+00
8.984801e-01 1.689746e-02 -4.386890e-01 -1.948942e+00 -1.924483e-02 9.998144e-01 -9.044561e-04 6.406682e-02 4.385923e-01 9.255131e-03 8.986385e-01 2.227848e+00
9.027137e-01 1.775207e-02 -4.298755e-01 -1.955042e+00 -2.111263e-02 9.997725e-01 -3.048859e-03 6.378066e-02 4.297235e-01 1.182805e-02 9.028830e-01 2.241023e+00
9.069070e-01 1.750600e-02 -4.209670e-01 -1.960984e+00 -2.196819e-02 9.997421e-01 -5.752531e-03 6.344947e-02 4.207578e-01 1.446489e-02 9.070577e-01 2.254208e+00
9.111918e-01 1.602816e-02 -4.116705e-01 -1.966852e+00 -2.102171e-02 9.997501e-01 -7.604771e-03 6.311305e-02 4.114458e-01 1.558343e-02 9.113010e-01 2.267529e+00
9.154902e-01 1.507218e-02 -4.020579e-01 -1.972561e+00 -2.028610e-02 9.997562e-01 -8.713233e-03 6.276081e-02 4.018285e-01 1.613307e-02 9.155728e-01 2.280889e+00
9.198243e-01 1.418414e-02 -3.920740e-01 -1.978222e+00 -1.925594e-02 9.997740e-01 -9.006333e-03 6.239072e-02 3.918576e-01 1.583400e-02 9.198896e-01 2.294415e+00
9.243419e-01 1.251474e-02 -3.813600e-01 -1.983814e+00 -1.724253e-02 9.998110e-01 -8.982633e-03 6.200840e-02 3.811755e-01 1.487864e-02 9.243830e-01 2.308117e+00
9.288151e-01 1.182344e-02 -3.703549e-01 -1.989399e+00 -1.598816e-02 9.998387e-01 -8.177316e-03 6.165111e-02 3.701985e-01 1.351651e-02 9.288543e-01 2.322156e+00
9.333974e-01 1.213104e-02 -3.586393e-01 -1.994893e+00 -1.558097e-02 9.998560e-01 -6.730847e-03 6.130055e-02 3.585060e-01 1.187050e-02 9.334519e-01 2.336433e+00
9.385380e-01 1.419353e-02 -3.448840e-01 -2.000055e+00 -1.746507e-02 9.998271e-01 -6.380558e-03 6.097955e-02 3.447338e-01 1.201182e-02 9.386236e-01 2.350438e+00
9.446081e-01 1.664231e-02 -3.277781e-01 -2.004807e+00 -2.030472e-02 9.997638e-01 -7.754074e-03 6.064544e-02 3.275717e-01 1.398000e-02 9.447229e-01 2.364117e+00
9.509593e-01 1.735878e-02 -3.088285e-01 -2.009301e+00 -2.176550e-02 9.997044e-01 -1.082951e-02 6.029030e-02 3.085492e-01 1.702023e-02 9.510561e-01 2.377529e+00
9.569781e-01 1.850577e-02 -2.895695e-01 -2.013470e+00 -2.323564e-02 9.996467e-01 -1.290452e-02 5.985951e-02 2.892284e-01 1.907768e-02 9.570700e-01 2.391093e+00
9.629459e-01 1.815723e-02 -2.690829e-01 -2.017343e+00 -2.292706e-02 9.996306e-01 -1.459402e-02 5.940127e-02 2.687185e-01 2.022253e-02 9.630064e-01 2.404599e+00
9.686199e-01 1.716104e-02 -2.479538e-01 -2.021014e+00 -2.198310e-02 9.996190e-01 -1.669167e-02 5.895174e-02 2.475729e-01 2.161867e-02 9.686281e-01 2.418191e+00
9.739941e-01 1.556741e-02 -2.260378e-01 -2.024279e+00 -2.055163e-02 9.995944e-01 -1.971386e-02 5.843787e-02 2.256392e-01 2.384663e-02 9.739190e-01 2.432118e+00
9.789767e-01 1.450466e-02 -2.034555e-01 -2.027192e+00 -1.968340e-02 9.995311e-01 -2.345341e-02 5.787069e-02 2.030200e-01 2.696504e-02 9.788032e-01 2.446045e+00
9.835262e-01 1.322377e-02 -1.802813e-01 -2.029838e+00 -1.859238e-02 9.994316e-01 -2.812181e-02 5.722869e-02 1.798069e-01 3.101039e-02 9.832130e-01 2.460121e+00
9.872943e-01 1.273783e-02 -1.583911e-01 -2.032076e+00 -1.801075e-02 9.993288e-01 -3.189967e-02 5.650697e-02 1.578784e-01 3.434711e-02 9.868610e-01 2.474168e+00
9.903307e-01 1.323393e-02 -1.380940e-01 -2.034051e+00 -1.794777e-02 9.992960e-01 -3.294575e-02 5.573030e-02 1.375607e-01 3.510567e-02 9.898710e-01 2.488146e+00
9.929642e-01 1.168161e-02 -1.178374e-01 -2.035818e+00 -1.560438e-02 9.993524e-01 -3.242220e-02 5.491072e-02 1.173823e-01 3.403286e-02 9.925035e-01 2.502324e+00
9.951298e-01 1.106506e-02 -9.794998e-02 -2.037287e+00 -1.432241e-02 9.993654e-01 -3.261477e-02 5.412589e-02 9.752694e-02 3.385881e-02 9.946568e-01 2.516354e+00
9.968813e-01 8.968087e-03 -7.840439e-02 -2.038484e+00 -1.177969e-02 9.993013e-01 -3.547165e-02 5.332549e-02 7.803150e-02 3.628461e-02 9.962904e-01 2.530465e+00
9.981827e-01 8.841854e-03 -5.960816e-02 -2.039398e+00 -1.113360e-02 9.992071e-01 -3.822502e-02 5.246439e-02 5.922292e-02 3.881921e-02 9.974897e-01 2.544632e+00
9.991235e-01 9.119580e-03 -4.085324e-02 -2.040026e+00 -1.077103e-02 9.991260e-01 -4.038795e-02 5.156759e-02 4.044921e-02 4.079258e-02 9.983485e-01 2.558834e+00
9.997029e-01 1.079076e-02 -2.185392e-02 -2.040318e+00 -1.171063e-02 9.990316e-01 -4.241092e-02 5.065334e-02 2.137511e-02 4.265424e-02 9.988612e-01 2.573043e+00
9.999300e-01 1.150825e-02 -2.744571e-03 -2.040329e+00 -1.161957e-02 9.989309e-01 -4.474411e-02 4.966903e-02 2.226710e-03 4.477287e-02 9.989947e-01 2.587102e+00
9.997796e-01 1.378988e-02 1.582871e-02 -2.040154e+00 -1.304808e-02 9.988541e-01 -4.604705e-02 4.869731e-02 -1.644555e-02 4.583036e-02 9.988139e-01 2.600705e+00
9.993239e-01 1.500210e-02 3.356707e-02 -2.039782e+00 -1.342823e-02 9.988219e-01 -4.663134e-02 4.773178e-02 -3.422709e-02 4.614907e-02 9.983480e-01 2.614294e+00
9.985921e-01 1.533840e-02 5.077903e-02 -2.039186e+00 -1.300500e-02 9.988583e-01 -4.596778e-02 4.677608e-02 -5.142612e-02 4.524268e-02 9.976515e-01 2.627994e+00
9.976179e-01 1.763359e-02 6.668968e-02 -2.038301e+00 -1.463567e-02 9.988717e-01 -4.517772e-02 4.581840e-02 -6.741108e-02 4.409405e-02 9.967505e-01 2.641867e+00
9.963240e-01 1.927891e-02 8.346789e-02 -2.037170e+00 -1.554115e-02 9.988570e-01 -4.520132e-02 4.483450e-02 -8.424391e-02 4.373797e-02 9.954848e-01 2.655676e+00
9.948300e-01 2.005781e-02 9.955336e-02 -2.035848e+00 -1.573792e-02 9.989080e-01 -4.398998e-02 4.387732e-02 -1.003270e-01 4.219579e-02 9.940594e-01 2.669480e+00
9.933430e-01 1.913893e-02 1.135931e-01 -2.034298e+00 -1.464578e-02 9.990820e-01 -4.025842e-02 4.302812e-02 -1.142593e-01 3.832676e-02 9.927114e-01 2.683806e+00
9.918688e-01 1.798864e-02 1.259865e-01 -2.032600e+00 -1.368085e-02 9.992946e-01 -3.497472e-02 4.230075e-02 -1.265268e-01 3.296673e-02 9.914152e-01 2.698194e+00
9.899273e-01 1.765823e-02 1.404710e-01 -2.030604e+00 -1.335110e-02 9.994131e-01 -3.154562e-02 4.153470e-02 -1.409456e-01 2.935243e-02 9.895821e-01 2.712497e+00
9.876467e-01 1.773173e-02 1.556906e-01 -2.028361e+00 -1.337850e-02 9.994909e-01 -2.896433e-02 4.080731e-02 -1.561249e-01 2.652362e-02 9.873811e-01 2.726854e+00
9.849710e-01 1.829399e-02 1.717481e-01 -2.025885e+00 -1.375043e-02 9.995243e-01 -2.760734e-02 4.007769e-02 -1.721715e-01 2.483082e-02 9.847540e-01 2.741327e+00
9.820725e-01 1.911406e-02 1.875322e-01 -2.023043e+00 -1.384928e-02 9.994734e-01 -2.934428e-02 3.932346e-02 -1.879943e-01 2.622102e-02 9.818200e-01 2.755834e+00
