1.000000e+00 0.000000e+00 0.000000e+00 0.000000e+00 0.000000e+00 1.000000e+00 0.000000e+00 -0.000000e+00 0.000000e+00 0.000000e+00 1.000000e+00 -0.000000e+00
9.998760e-01 -4.977010e-04 1.574016e-02 -1.372663e-04 5.026442e-04 9.999998e-01 -3.100921e-04 -2.230182e-04 -1.574000e-02 3.179654e-04 9.998761e-01 1.184191e-02
9.993250e-01 -7.392662e-04 3.672771e-02 -2.053370e-04 8.169794e-04 9.999975e-01 -2.100963e-03 -4.546088e-04 -3.672606e-02 2.129551e-03 9.993231e-01 2.357796e-02
9.979802e-01 -1.430549e-03 6.351030e-02 -1.400519e-04 1.728688e-03 9.999877e-01 -4.639642e-03 -6.875050e-04 -6.350288e-02 4.740061e-03 9.979704e-01 3.521531e-02
9.953654e-01 -3.001711e-03 9.611784e-02 -6.386349e-05 3.784500e-03 9.999611e-01 -7.962795e-03 -9.667453e-04 -9.609020e-02 8.289649e-03 9.953381e-01 4.631013e-02
9.910625e-01 -4.798480e-03 1.333123e-01 1.154332e-04 6.405764e-03 9.999118e-01 -1.163025e-02 -1.301349e-03 -1.332447e-01 1.238027e-02 9.910058e-01 5.722510e-02
9.855001e-01 -6.749031e-03 1.695406e-01 6.170621e-04 9.323920e-03 9.998529e-01 -1.439588e-02 -1.675989e-03 -1.694185e-01 1.576792e-02 9.854181e-01 6.820781e-02
9.782532e-01 -7.367265e-03 2.072832e-01 1.338292e-03 1.131783e-02 9.997761e-01 -1.787934e-02 -2.070518e-03 -2.071050e-01 1.983652e-02 9.781176e-01 7.930956e-02
9.683793e-01 -7.402787e-03 2.493727e-01 1.897077e-03 1.334961e-02 9.996652e-01 -2.216434e-02 -2.441053e-03 -2.491252e-01 2.479252e-02 9.681539e-01 9.022660e-02
9.547477e-01 -7.825262e-03 2.973139e-01 1.868985e-03 1.661645e-02 9.994959e-01 -2.705288e-02 -2.755303e-03 -2.969524e-01 3.076898e-02 9.543964e-01 1.002474e-01
9.387103e-01 -7.825655e-03 3.446184e-01 2.419278e-03 1.970938e-02 9.993252e-01 -3.099376e-02 -3.135362e-03 -3.441433e-01 3.588637e-02 9.382311e-01 1.101932e-01
9.188038e-01 -7.706501e-03 3.946394e-01 3.416523e-03 2.326767e-02 9.991282e-01 -3.466111e-02 -3.630352e-03 -3.940283e-01 4.102910e-02 9.181821e-01 1.195885e-01
8.961877e-01 -6.685496e-03 4.436247e-01 4.388976e-03 2.641561e-02 9.989167e-01 -3.830963e-02 -4.202123e-03 -4.428880e-01 4.605124e-02 8.953935e-01 1.286348e-01
8.713181e-01 -4.967084e-03 4.906935e-01 5.869196e-03 2.941897e-02 9.986789e-01 -4.212968e-02 -4.848665e-03 -4.898360e-01 5.114405e-02 8.703132e-01 1.378052e-01
8.441122e-01 -2.704633e-03 5.361598e-01 8.059175e-03 3.244120e-02 9.984128e-01 -4.603790e-02 -5.622313e-03 -5.351843e-01 5.625482e-02 8.428601e-01 1.465766e-01
8.138622e-01 -7.823001e-04 5.810574e-01 1.041446e-02 3.633817e-02 9.981102e-01 -4.955352e-02 -6.433013e-03 -5.799206e-01 6.144430e-02 8.123526e-01 1.546298e-01
7.782309e-01 1.087236e-03 6.279773e-01 1.315175e-02 4.067698e-02 9.978112e-01 -5.213714e-02 -7.267028e-03 -6.266594e-01 6.611895e-02 7.764832e-01 1.619507e-01
7.405105e-01 2.528490e-03 6.720400e-01 1.640378e-02 4.464452e-02 9.975989e-01 -5.294648e-02 -8.064130e-03 -6.705602e-01 6.921033e-02 7.386196e-01 1.688356e-01
6.990736e-01 4.786547e-03 7.150337e-01 2.034840e-02 4.800106e-02 9.974078e-01 -5.360644e-02 -8.905626e-03 -7.134368e-01 7.179722e-02 6.970317e-01 1.752456e-01
6.564810e-01 7.095873e-03 7.543091e-01 2.499848e-02 5.105668e-02 9.972447e-01 -5.381622e-02 -9.716338e-03 -7.526127e-01 7.384185e-02 6.543100e-01 1.814164e-01
6.126912e-01 8.826950e-03 7.902731e-01 3.088785e-02 5.429267e-02 9.971053e-01 -5.322975e-02 -1.046864e-02 -7.884553e-01 7.551944e-02 6.104384e-01 1.871103e-01
5.706483e-01 1.021762e-02 8.211310e-01 3.771684e-02 5.686397e-02 9.970308e-01 -5.192424e-02 -1.116268e-02 -8.192235e-01 7.632325e-02 5.683729e-01 1.925794e-01
5.300315e-01 1.165204e-02 8.478979e-01 4.538034e-02 5.924621e-02 9.969532e-01 -5.073593e-02 -1.185538e-02 -8.459057e-01 7.712638e-02 5.277263e-01 1.979444e-01
4.894621e-01 1.195588e-02 8.719426e-01 5.335568e-02 6.038410e-02 9.970412e-01 -4.756762e-02 -1.254397e-02 -8.699314e-01 7.593402e-02 4.872919e-01 2.026880e-01
4.501796e-01 1.117446e-02 8.928681e-01 6.154800e-02 6.199313e-02 9.971179e-01 -4.373580e-02 -1.321089e-02 -8.907835e-01 7.504065e-02 4.481894e-01 2.070718e-01
4.147208e-01 8.836897e-03 9.099058e-01 7.054109e-02 6.421475e-02 9.971756e-01 -3.895253e-02 -1.384978e-02 -9.076801e-01 7.458379e-02 4.129820e-01 2.113945e-01
3.833273e-01 6.005780e-03 9.235930e-01 8.016004e-02 6.621103e-02 9.972274e-01 -3.396477e-02 -1.446253e-02 -9.212363e-01 7.417167e-02 3.818669e-01 2.157699e-01
3.576852e-01 3.750344e-03 9.338347e-01 9.037438e-02 6.712390e-02 9.973020e-01 -2.971559e-02 -1.503517e-02 -9.314267e-01 7.331146e-02 3.564685e-01 2.202227e-01
3.385406e-01 2.868797e-03 9.409474e-01 1.013038e-01 6.790873e-02 9.973132e-01 -2.747332e-02 -1.560407e-02 -9.384981e-01 7.319938e-02 3.374362e-01 2.246384e-01
3.244615e-01 3.547275e-03 9.458922e-01 1.131058e-01 6.823677e-02 9.972998e-01 -2.714675e-02 -1.621224e-02 -9.434344e-01 7.335271e-02 3.233434e-01 2.290641e-01
3.129160e-01 5.250512e-03 9.497663e-01 1.252924e-01 6.825761e-02 9.972747e-01 -2.800173e-02 -1.684846e-02 -9.473249e-01 7.359096e-02 3.117048e-01 2.333543e-01
3.024196e-01 8.269320e-03 9.531390e-01 1.375806e-01 6.680550e-02 9.973194e-01 -2.984921e-02 -1.750073e-02 -9.508309e-01 7.270191e-02 3.010565e-01 2.374136e-01
2.925509e-01 1.125415e-02 9.561837e-01 1.501071e-01 6.493513e-02 9.973888e-01 -3.160647e-02 -1.819042e-02 -9.540427e-01 7.133642e-02 2.910562e-01 2.413492e-01
2.832688e-01 1.392142e-02 9.589395e-01 1.626662e-01 6.370178e-02 9.974133e-01 -3.329734e-02 -1.892545e-02 -9.569226e-01 7.051825e-02 2.816492e-01 2.451667e-01
2.739377e-01 1.659329e-02 9.616043e-01 1.754154e-01 6.262971e-02 9.974211e-01 -3.505302e-02 -1.970443e-02 -9.597060e-01 6.982734e-02 2.721920e-01 2.488894e-01
2.643701e-01 1.844308e-02 9.642450e-01 1.882803e-01 6.238836e-02 9.973959e-01 -3.618237e-02 -2.052239e-02 -9.624013e-01 6.972320e-02 2.625310e-01 2.525442e-01
2.548682e-01 2.005672e-02 9.667678e-01 2.012869e-01 6.207206e-02 9.973835e-01 -3.705589e-02 -2.135753e-02 -9.649815e-01 6.945364e-02 2.529563e-01 2.561023e-01
2.452310e-01 2.355549e-02 9.691785e-01 2.144497e-01 6.153581e-02 9.973107e-01 -3.980962e-02 -2.224251e-02 -9.675098e-01 6.940173e-02 2.431219e-01 2.595684e-01
2.349703e-01 2.757189e-02 9.716114e-01 2.277528e-01 6.136385e-02 9.971828e-01 -4.313751e-02 -2.319173e-02 -9.700636e-01 6.975786e-02 2.326165e-01 2.629583e-01
2.246340e-01 3.141114e-02 9.739368e-01 2.410546e-01 6.198312e-02 9.969957e-01 -4.645095e-02 -2.420244e-02 -9.724699e-01 7.080211e-02 2.220122e-01 2.661939e-01
2.139695e-01 3.372488e-02 9.762580e-01 2.544929e-01 6.210823e-02 9.969121e-01 -4.805083e-02 -2.524256e-02 -9.748639e-01 7.091506e-02 2.112142e-01 2.693249e-01
2.028042e-01 3.420536e-02 9.786217e-01 2.678720e-01 6.255148e-02 9.968961e-01 -4.780692e-02 -2.625932e-02 -9.772194e-01 7.090969e-02 2.000351e-01 2.722874e-01
1.910776e-01 3.327461e-02 9.810108e-01 2.813335e-01 6.279384e-02 9.969637e-01 -4.604646e-02 -2.725775e-02 -9.795643e-01 7.039988e-02 1.884080e-01 2.751072e-01
1.775962e-01 3.221500e-02 9.835760e-01 2.948697e-01 6.382444e-02 9.969828e-01 -4.417836e-02 -2.823432e-02 -9.820316e-01 7.062210e-02 1.750042e-01 2.777739e-01
1.617516e-01 3.080976e-02 9.863504e-01 3.083044e-01 6.372179e-02 9.971005e-01 -4.159529e-02 -2.916400e-02 -9.847720e-01 6.958012e-02 1.593194e-01 2.802911e-01
1.415814e-01 2.958373e-02 9.894845e-01 3.214789e-01 6.292214e-02 9.972632e-01 -3.881958e-02 -3.003288e-02 -9.879249e-01 6.775661e-02 1.393324e-01 2.826420e-01
1.151216e-01 2.972276e-02 9.929066e-01 3.342225e-01 6.240877e-02 9.973612e-01 -3.709203e-02 -3.089580e-02 -9.913890e-01 6.623618e-02 1.129628e-01 2.847481e-01
8.642864e-02 2.951283e-02 9.958208e-01 3.469093e-01 6.311838e-02 9.973908e-01 -3.503749e-02 -3.172673e-02 -9.942566e-01 6.588284e-02 8.434033e-02 2.866255e-01
5.654909e-02 2.852463e-02 9.979923e-01 3.598125e-01 6.441003e-02 9.974053e-01 -3.215751e-02 -3.255954e-02 -9.963200e-01 6.609919e-02 5.456508e-02 2.880694e-01
2.806186e-02 2.722804e-02 9.992353e-01 3.730228e-01 6.660506e-02 9.973565e-01 -2.904734e-02 -3.336051e-02 -9.973847e-01 6.736925e-02 2.617416e-02 2.890640e-01
1.414391e-03 2.471412e-02 9.996936e-01 3.864205e-01 6.921878e-02 9.972944e-01 -2.475274e-02 -3.408593e-02 -9.976005e-01 6.923258e-02 -3.001175e-04 2.897593e-01
-2.600470e-02 2.047695e-02 9.994521e-01 3.996372e-01 7.262182e-02 9.971872e-01 -1.854100e-02 -3.472859e-02 -9.970205e-01 7.209987e-02 -2.741863e-02 2.902786e-01
-5.196978e-02 1.623784e-02 9.985166e-01 4.132804e-01 7.701548e-02 9.969552e-01 -1.220402e-02 -3.529919e-02 -9.956745e-01 7.626700e-02 -5.306211e-02 2.904589e-01
-7.757239e-02 1.147762e-02 9.969207e-01 4.271803e-01 8.271677e-02 9.965604e-01 -5.037112e-03 -3.579425e-02 -9.935494e-01 8.207132e-02 -7.825496e-02 2.904239e-01
-1.032947e-01 6.848758e-03 9.946272e-01 4.406753e-01 8.759295e-02 9.961538e-01 2.237490e-03 -3.616822e-02 -9.907864e-01 8.735346e-02 -1.034973e-01 2.898663e-01
-1.257778e-01 2.791513e-03 9.920545e-01 4.543523e-01 9.267933e-02 9.956558e-01 8.948718e-03 -3.644869e-02 -9.877198e-01 9.306850e-02 -1.254901e-01 2.888060e-01
-1.470056e-01 -6.618675e-04 9.891354e-01 4.684118e-01 9.812724e-02 9.950570e-01 1.524952e-02 -3.670781e-02 -9.842563e-01 9.930290e-02 -1.462140e-01 2.874273e-01
-1.645044e-01 -8.684448e-03 9.863381e-01 4.820589e-01 1.019749e-01 9.944533e-01 2.576357e-02 -3.689405e-02 -9.810909e-01 1.048199e-01 -1.627063e-01 2.859158e-01
-1.819463e-01 -1.935189e-02 9.831180e-01 4.948952e-01 1.051611e-01 9.936893e-01 3.902221e-02 -3.706797e-02 -9.776690e-01 1.104857e-01 -1.787631e-01 2.847589e-01
-1.994800e-01 -2.980024e-02 9.794486e-01 5.068672e-01 1.076483e-01 9.928213e-01 5.213138e-02 -3.709169e-02 -9.739710e-01 1.158352e-01 -1.948401e-01 2.839206e-01
-2.201586e-01 -3.941741e-02 9.746674e-01 5.192646e-01 1.100974e-01 9.917945e-01 6.497893e-02 -3.690769e-02 -9.692310e-01 1.216140e-01 -2.140123e-01 2.826962e-01
-2.395769e-01 -4.689856e-02 9.697440e-01 5.324542e-01 1.117726e-01 9.908590e-01 7.553333e-02 -3.632711e-02 -9.644220e-01 1.264869e-01 -2.321450e-01 2.800923e-01
-2.593285e-01 -4.945580e-02 9.645221e-01 5.461144e-01 1.128348e-01 9.902973e-01 8.111503e-02 -3.561538e-02 -9.591752e-01 1.298671e-01 -2.512320e-01 2.770090e-01
-2.788990e-01 -4.698560e-02 9.591703e-01 5.598204e-01 1.139584e-01 9.901256e-01 8.163778e-02 -3.480680e-02 -9.535349e-01 1.320742e-01 -2.707906e-01 2.737661e-01
-2.978516e-01 -4.058497e-02 9.537491e-01 5.734731e-01 1.146834e-01 9.903385e-01 7.795709e-02 -3.402012e-02 -9.476983e-01 1.325989e-01 -2.903195e-01 2.700587e-01
-3.150376e-01 -3.426785e-02 9.484604e-01 5.867821e-01 1.184558e-01 9.901138e-01 7.511870e-02 -3.333948e-02 -9.416579e-01 1.360159e-01 -3.078638e-01 2.661855e-01
-3.278771e-01 -3.337318e-02 9.441307e-01 6.003814e-01 1.200308e-01 9.898050e-01 7.667191e-02 -3.261350e-02 -9.370642e-01 1.384638e-01 -3.205286e-01 2.620919e-01
-3.384387e-01 -3.504436e-02 9.403356e-01 6.144409e-01 1.231062e-01 9.890686e-01 8.116801e-02 -3.178183e-02 -9.329009e-01 1.432315e-01 -3.304249e-01 2.576195e-01
-3.468210e-01 -3.709470e-02 9.371975e-01 6.280929e-01 1.244066e-01 9.885695e-01 8.516618e-02 -3.088594e-02 -9.296441e-01 1.461310e-01 -3.382419e-01 2.530399e-01
-3.554670e-01 -4.118350e-02 9.337811e-01 6.414550e-01 1.208009e-01 9.886259e-01 8.958826e-02 -2.997886e-02 -9.268497e-01 1.446473e-01 -3.464489e-01 2.484225e-01
-3.655965e-01 -4.027460e-02 9.299017e-01 6.549520e-01 1.201792e-01 9.886580e-01 9.006855e-02 -2.898929e-02 -9.229822e-01 1.446836e-01 -3.566097e-01 2.435735e-01
-3.731324e-01 -3.998991e-02 9.269159e-01 6.683131e-01 1.222654e-01 9.882379e-01 9.185377e-02 -2.799893e-02 -9.196866e-01 1.476033e-01 -3.638541e-01 2.386793e-01
-3.788941e-01 -4.062591e-02 9.245479e-01 6.815564e-01 1.250143e-01 9.876317e-01 9.463069e-02 -2.700591e-02 -9.169573e-01 1.514367e-01 -3.691290e-01 2.336770e-01
-3.808049e-01 -4.291073e-02 9.236592e-01 6.945622e-01 1.260139e-01 9.871943e-01 9.781523e-02 -2.596326e-02 -9.160285e-01 1.536424e-01 -3.705211e-01 2.285361e-01
-3.793160e-01 -4.517430e-02 9.241638e-01 7.073654e-01 1.269651e-01 9.868181e-01 1.003488e-01 -2.486540e-02 -9.165147e-01 1.554005e-01 -3.685803e-01 2.233162e-01
-3.751437e-01 -4.369912e-02 9.259361e-01 7.203658e-01 1.292085e-01 9.866717e-01 9.891442e-02 -2.366333e-02 -9.179174e-01 1.567459e-01 -3.644974e-01 2.178832e-01
-3.674932e-01 -4.370128e-02 9.289989e-01 7.332563e-01 1.288862e-01 9.868637e-01 9.740810e-02 -2.250308e-02 -9.210522e-01 1.555319e-01 -3.570332e-01 2.125534e-01
-3.581945e-01 -4.352083e-02 9.326321e-01 7.461576e-01 1.286326e-01 9.870866e-01 9.546563e-02 -2.135522e-02 -9.247434e-01 1.541621e-01 -3.479708e-01 2.073104e-01
-3.484564e-01 -4.407057e-02 9.362884e-01 7.591018e-01 1.287037e-01 9.871831e-01 9.436552e-02 -2.022489e-02 -9.284468e-01 1.533861e-01 -3.383182e-01 2.022291e-01
-3.394574e-01 -4.499709e-02 9.395445e-01 7.721348e-01 1.269118e-01 9.875306e-01 9.314849e-02 -1.910616e-02 -9.320204e-01 1.508592e-01 -3.295139e-01 1.972830e-01
-3.326965e-01 -4.571615e-02 9.419252e-01 7.854444e-01 1.237486e-01 9.880708e-01 9.166493e-02 -1.800162e-02 -9.348793e-01 1.470585e-01 -3.230704e-01 1.923549e-01
-3.297775e-01 -4.551785e-02 9.429607e-01 7.991141e-01 1.209977e-01 9.885612e-01 9.003502e-02 -1.696367e-02 -9.362726e-01 1.437876e-01 -3.204977e-01 1.874965e-01
-3.286976e-01 -4.466734e-02 9.433783e-01 8.129026e-01 1.191751e-01 9.889347e-01 8.834809e-02 -1.593763e-02 -9.368859e-01 1.414671e-01 -3.197373e-01 1.825932e-01
-3.272145e-01 -4.411375e-02 9.439198e-01 8.268240e-01 1.185169e-01 9.891060e-01 8.730996e-02 -1.492911e-02 -9.374884e-01 1.404395e-01 -3.184216e-01 1.778310e-01
-3.254216e-01 -4.333999e-02 9.445753e-01 8.406874e-01 1.182031e-01 9.892485e-01 8.611264e-02 -1.394238e-02 -9.381518e-01 1.396747e-01 -3.167999e-01 1.731504e-01
-3.245307e-01 -4.300232e-02 9.448972e-01 8.546710e-01 1.174701e-01 9.893999e-01 8.537346e-02 -1.293350e-02 -9.385524e-01 1.387035e-01 -3.160391e-01 1.683701e-01
-3.236432e-01 -4.210134e-02 9.452421e-01 8.685235e-01 1.170674e-01 9.895518e-01 8.415782e-02 -1.194338e-02 -9.389091e-01 1.378941e-01 -3.153330e-01 1.635257e-01
-3.229694e-01 -4.202485e-02 9.454759e-01 8.824443e-01 1.168426e-01 9.896003e-01 8.389892e-02 -1.100022e-02 -9.391691e-01 1.375687e-01 -3.147003e-01 1.588029e-01
-3.220747e-01 -4.098905e-02 9.458265e-01 8.964345e-01 1.165793e-01 9.897415e-01 8.259000e-02 -1.010210e-02 -9.395090e-01 1.368640e-01 -3.139922e-01 1.540186e-01
-3.208898e-01 -4.017668e-02 9.462640e-01 9.103819e-01 1.164886e-01 9.898401e-01 8.152956e-02 -9.224637e-03 -9.399256e-01 1.363910e-01 -3.129494e-01 1.492938e-01
-3.188632e-01 -4.018304e-02 9.469486e-01 9.242216e-01 1.156068e-01 9.899920e-01 8.093748e-02 -8.336266e-03 -9.407238e-01 1.352816e-01 -3.110266e-01 1.446405e-01
-3.170682e-01 -3.911920e-02 9.475956e-01 9.382289e-01 1.147238e-01 9.902299e-01 7.926618e-02 -7.428815e-03 -9.414384e-01 1.338446e-01 -3.094825e-01 1.398553e-01
-3.146813e-01 -3.732365e-02 9.484633e-01 9.521167e-01 1.139912e-01 9.905090e-01 7.679824e-02 -6.527400e-03 -9.423278e-01 1.322834e-01 -3.074401e-01 1.350360e-01
-3.118761e-01 -3.597825e-02 9.494413e-01 9.662595e-01 1.136136e-01 9.907006e-01 7.486196e-02 -5.669641e-03 -9.433055e-01 1.312171e-01 -3.048882e-01 1.302169e-01
-3.092322e-01 -3.632802e-02 9.502924e-01 9.800601e-01 1.127031e-01 9.908279e-01 7.455205e-02 -4.857740e-03 -9.442846e-01 1.301548e-01 -3.023017e-01 1.254885e-01
-3.064482e-01 -3.691252e-02 9.511714e-01 9.937295e-01 1.122099e-01 9.908799e-01 7.460527e-02 -4.106346e-03 -9.452505e-01 1.295935e-01 -2.995114e-01 1.209967e-01
-3.040741e-01 -3.770586e-02 9.519019e-01 1.007703e+00 1.119410e-01 9.908799e-01 7.500809e-02 -3.343670e-03 -9.460487e-01 1.293649e-01 -2.970800e-01 1.165724e-01
-3.036106e-01 -3.967711e-02 9.519697e-01 1.021551e+00 1.116829e-01 9.907630e-01 7.691287e-02 -2.563740e-03 -9.462281e-01 1.296703e-01 -2.963749e-01 1.123050e-01
-3.045081e-01 -4.215855e-02 9.515763e-01 1.035527e+00 1.117749e-01 9.905361e-01 7.965302e-02 -1.736119e-03 -9.459288e-01 1.306174e-01 -2.969139e-01 1.080600e-01
-3.070659e-01 -4.369459e-02 9.506847e-01 1.049684e+00 1.111469e-01 9.904629e-01 8.142268e-02 -8.438913e-04 -9.451756e-01 1.306678e-01 -2.992809e-01 1.036715e-01
-3.105643e-01 -4.130654e-02 9.496545e-01 1.064011e+00 1.126513e-01 9.904153e-01 7.991970e-02 5.994045e-05 -9.438536e-01 1.318000e-01 -3.029344e-01 9.923449e-02
-3.139704e-01 -3.832655e-02 9.486589e-01 1.078347e+00 1.137532e-01 9.904689e-01 7.766374e-02 9.532157e-04 -9.425937e-01 1.322971e-01 -3.066181e-01 9.470942e-02
-3.168003e-01 -3.739265e-02 9.477549e-01 1.092925e+00 1.139601e-01 9.904836e-01 7.717122e-02 1.821746e-03 -9.416213e-01 1.324541e-01 -3.095242e-01 9.011483e-02
-3.193663e-01 -3.905366e-02 9.468263e-01 1.107296e+00 1.162378e-01 9.899910e-01 8.004131e-02 2.694815e-03 -9.404754e-01 1.356195e-01 -3.116302e-01 8.555642e-02
-3.216527e-01 -4.010537e-02 9.460080e-01 1.121874e+00 1.174191e-01 9.897011e-01 8.188143e-02 3.617789e-03 -9.395490e-01 1.374167e-01 -3.136309e-01 8.092234e-02
-3.240980e-01 -4.180971e-02 9.450991e-01 1.136210e+00 1.171806e-01 9.895551e-01 8.396052e-02 4.550536e-03 -9.387381e-01 1.379587e-01 -3.158136e-01 7.630883e-02
-3.255036e-01 -4.262262e-02 9.445797e-01 1.150460e+00 1.162489e-01 9.896008e-01 8.471368e-02 5.494441e-03 -9.383675e-01 1.373810e-01 -3.171637e-01 7.164544e-02
-3.275378e-01 -4.142464e-02 9.439295e-01 1.165116e+00 1.167731e-01 9.896043e-01 8.394863e-02 6.511375e-03 -9.375943e-01 1.377219e-01 -3.192955e-01 6.674875e-02
-3.273273e-01 -3.338906e-02 9.443209e-01 1.179238e+00 1.184057e-01 9.900488e-01 7.604855e-02 7.352358e-03 -9.374630e-01 1.367058e-01 -3.201166e-01 6.207372e-02
-3.257066e-01 -2.504162e-02 9.451392e-01 1.193334e+00 1.188802e-01 9.906310e-01 6.721450e-02 8.062310e-03 -9.379673e-01 1.342505e-01 -3.196781e-01 5.746793e-02
-3.263133e-01 -2.275661e-02 9.449877e-01 1.207927e+00 1.206019e-01 9.905378e-01 6.549850e-02 8.775420e-03 -9.375366e-01 1.353403e-01 -3.204812e-01 5.243937e-02
-3.259240e-01 -2.846251e-02 9.449674e-01 1.221879e+00 1.194993e-01 9.902892e-01 7.104353e-02 9.501475e-03 -9.378131e-01 1.360778e-01 -3.193578e-01 4.768278e-02
-3.257661e-01 -3.440203e-02 9.448243e-01 1.235591e+00 1.192956e-01 9.898549e-01 7.717358e-02 1.029764e-02 -9.378939e-01 1.378539e-01 -3.183571e-01 4.308387e-02
-3.264992e-01 -3.382703e-02 9.445920e-01 1.249161e+00 1.231130e-01 9.893239e-01 7.798308e-02 1.113296e-02 -9.371454e-01 1.417530e-01 -3.188489e-01 3.830737e-02
-3.267062e-01 -3.207533e-02 9.445815e-01 1.262554e+00 1.257291e-01 9.890662e-01 7.707234e-02 1.194337e-02 -9.367258e-01 1.439414e-01 -3.191013e-01 3.353846e-02
-3.263036e-01 -2.902854e-02 9.448192e-01 1.275734e+00 1.255032e-01 9.893489e-01 7.374056e-02 1.270173e-02 -9.368964e-01 1.426396e-01 -3.191850e-01 2.883663e-02
-3.256729e-01 -2.435100e-02 9.451689e-01 1.289085e+00 1.252246e-01 9.897506e-01 6.864769e-02 1.337652e-02 -9.371531e-01 1.407151e-01 -3.192856e-01 2.410923e-02
-3.246705e-01 -1.900208e-02 9.456363e-01 1.302699e+00 1.243007e-01 9.902695e-01 6.257578e-02 1.401072e-02 -9.376238e-01 1.378597e-01 -3.191493e-01 1.929046e-02
-3.224401e-01 -1.939474e-02 9.463911e-01 1.316252e+00 1.191171e-01 9.910112e-01 6.089295e-02 1.457185e-02 -9.390652e-01 1.323657e-01 -3.172315e-01 1.447792e-02
-3.198485e-01 -1.900627e-02 9.472781e-01 1.329603e+00 1.157560e-01 9.915251e-01 5.897908e-02 1.508940e-02 -9.403709e-01 1.285175e-01 -3.149377e-01 9.758063e-03
-3.185175e-01 -1.753071e-02 9.477549e-01 1.343027e+00 1.183974e-01 9.912635e-01 5.812600e-02 1.564532e-02 -9.404938e-01 1.307259e-01 -3.136592e-01 5.045729e-03
-3.142677e-01 -1.802238e-02 9.491633e-01 1.356780e+00 1.221471e-01 9.907416e-01 5.925473e-02 1.620230e-02 -9.414435e-01 1.345594e-01 -3.091567e-01 4.958738e-04
-3.090394e-01 -2.003546e-02 9.508382e-01 1.370748e+00 1.234302e-01 9.904774e-01 6.098774e-02 1.679749e-02 -9.430056e-01 1.362098e-01 -3.036236e-01 -4.193156e-03
-3.013894e-01 -1.935974e-02 9.533046e-01 1.384682e+00 1.258436e-01 9.902403e-01 5.989559e-02 1.743110e-02 -9.451602e-01 1.380192e-01 -2.960116e-01 -8.814727e-03
-2.935783e-01 -1.899562e-02 9.557463e-01 1.398479e+00 1.288387e-01 9.898940e-01 5.924991e-02 1.804899e-02 -9.472130e-01 1.405316e-01 -2.881640e-01 -1.332651e-02
-2.819542e-01 -1.919487e-02 9.592358e-01 1.412161e+00 1.279799e-01 9.901126e-01 5.743066e-02 1.860653e-02 -9.508538e-01 1.389557e-01 -2.767098e-01 -1.761709e-02
-2.698756e-01 -1.805405e-02 9.627259e-01 1.425544e+00 1.267250e-01 9.904616e-01 5.409830e-02 1.914870e-02 -9.545197e-01 1.366013e-01 -2.650135e-01 -2.176915e-02
-2.560095e-01 -1.473416e-02 9.665620e-01 1.439009e+00 1.267060e-01 9.907459e-01 4.866296e-02 1.958913e-02 -9.583343e-01 1.349274e-01 -2.517735e-01 -2.554025e-02
-2.436938e-01 -1.421878e-02 9.697480e-01 1.452604e+00 1.263217e-01 9.909095e-01 4.627319e-02 1.993058e-02 -9.615904e-01 1.337767e-01 -2.396824e-01 -2.924278e-02
-2.313331e-01 -1.302898e-02 9.727873e-01 1.466400e+00 1.261607e-01 9.910654e-01 4.327537e-02 2.028007e-02 -9.646598e-01 1.327386e-01 -2.276225e-01 -3.290276e-02
-2.190105e-01 -1.316907e-02 9.756336e-01 1.480374e+00 1.269735e-01 9.910216e-01 4.187982e-02 2.062264e-02 -9.674255e-01 1.330518e-01 -2.153720e-01 -3.635929e-02
-2.061471e-01 -1.748976e-02 9.783647e-01 1.494474e+00 1.260602e-01 9.910340e-01 4.427784e-02 2.095224e-02 -9.703671e-01 1.324606e-01 -2.020940e-01 -3.964422e-02
-1.940733e-01 -2.489152e-02 9.806712e-01 1.508326e+00 1.260038e-01 9.907647e-01 5.008366e-02 2.125585e-02 -9.728610e-01 1.332882e-01 -1.891445e-01 -4.284091e-02
-1.805521e-01 -2.880595e-02 9.831435e-01 1.522480e+00 1.265136e-01 9.905874e-01 5.225799e-02 2.171197e-02 -9.753949e-01 1.338163e-01 -1.752083e-01 -4.581537e-02
-1.664860e-01 -2.579989e-02 9.857062e-01 1.536367e+00 1.263385e-01 9.908601e-01 4.727338e-02 2.220513e-02 -9.779167e-01 1.324030e-01 -1.617048e-01 -4.850892e-02
-1.525957e-01 -2.265787e-02 9.880289e-01 1.550631e+00 1.258381e-01 9.911543e-01 4.216456e-02 2.262050e-02 -9.802445e-01 1.307659e-01 -1.483946e-01 -5.100052e-02
-1.401891e-01 -2.448118e-02 9.898220e-01 1.564893e+00 1.254490e-01 9.911986e-01 4.228266e-02 2.298718e-02 -9.821454e-01 1.300998e-01 -1.358841e-01 -5.328342e-02
-1.321971e-01 -3.043779e-02 9.907560e-01 1.579865e+00 1.242099e-01 9.911411e-01 4.702302e-02 2.336434e-02 -9.834103e-01 1.292780e-01 -1.272453e-01 -5.564358e-02
-1.256033e-01 -3.690948e-02 9.913937e-01 1.594942e+00 1.226329e-01 9.910660e-01 5.243408e-02 2.377929e-02 -9.844719e-01 1.281634e-01 -1.199548e-01 -5.777026e-02
-1.195296e-01 -4.013554e-02 9.920191e-01 1.610278e+00 1.219819e-01 9.910188e-01 5.479282e-02 2.431075e-02 -9.853086e-01 1.275577e-01 -1.135603e-01 -5.971675e-02
-1.137195e-01 -4.051629e-02 9.926864e-01 1.625478e+00 1.218573e-01 9.910552e-01 5.440935e-02 2.487913e-02 -9.860115e-01 1.271535e-01 -1.077651e-01 -6.159737e-02
-1.067398e-01 -4.067568e-02 9.934546e-01 1.640306e+00 1.223158e-01 9.910364e-01 5.371866e-02 2.541766e-02 -9.867347e-01 1.272492e-01 -1.008078e-01 -6.343724e-02
-9.893335e-02 -3.625382e-02 9.944334e-01 1.655184e+00 1.216980e-01 9.913937e-01 4.825039e-02 2.588329e-02 -9.876243e-01 1.257942e-01 -9.366988e-02 -6.517227e-02
-9.228464e-02 -3.213492e-02 9.952140e-01 1.670223e+00 1.211936e-01 9.916858e-01 4.325909e-02 2.627129e-02 -9.883297e-01 1.246057e-01 -8.762282e-02 -6.687322e-02
-8.577768e-02 -2.948715e-02 9.958779e-01 1.685415e+00 1.201480e-01 9.919611e-01 3.971986e-02 2.669518e-02 -9.890433e-01 1.230598e-01 -8.154530e-02 -6.864040e-02
-7.800624e-02 -2.965703e-02 9.965117e-01 1.700513e+00 1.159736e-01 9.925014e-01 3.861602e-02 2.701413e-02 -9.901844e-01 1.185813e-01 -7.398187e-02 -7.034852e-02
-6.858376e-02 -3.152145e-02 9.971473e-01 1.715391e+00 1.127088e-01 9.928570e-01 3.913793e-02 2.726987e-02 -9.912583e-01 1.150715e-01 -6.454112e-02 -7.167216e-02
-5.971120e-02 -3.522893e-02 9.975939e-01 1.730325e+00 1.144784e-01 9.925416e-01 4.190265e-02 2.759878e-02 -9.916296e-01 1.167050e-01 -5.523290e-02 -7.275490e-02
-5.188551e-02 -3.768446e-02 9.979418e-01 1.745303e+00 1.164461e-01 9.922429e-01 4.352358e-02 2.799537e-02 -9.918408e-01 1.184647e-01 -4.709483e-02 -7.376746e-02
-4.418330e-02 -3.555778e-02 9.983904e-01 1.760468e+00 1.167260e-01 9.923377e-01 4.050787e-02 2.841603e-02 -9.921809e-01 1.183279e-01 -3.969424e-02 -7.475240e-02
-3.669391e-02 -3.073078e-02 9.988539e-01 1.775986e+00 1.170190e-01 9.925186e-01 3.483468e-02 2.876848e-02 -9.924516e-01 1.181631e-01 -3.282330e-02 -7.571886e-02
-2.932632e-02 -2.792414e-02 9.991798e-01 1.791234e+00 1.164652e-01 9.927058e-01 3.116151e-02 2.901254e-02 -9.927617e-01 1.172835e-01 -2.586021e-02 -7.657025e-02
-2.191740e-02 -3.176898e-02 9.992549e-01 1.806349e+00 1.156571e-01 9.927038e-01 3.409750e-02 2.917659e-02 -9.930474e-01 1.163183e-01 -1.808317e-02 -7.717449e-02
-1.525152e-02 -3.402597e-02 9.993046e-01 1.821210e+00 1.158956e-01 9.926244e-01 3.556733e-02 2.943793e-02 -9.931443e-01 1.163575e-01 -1.119557e-02 -7.777522e-02
-8.760142e-03 -3.486738e-02 9.993536e-01 1.836021e+00 1.139050e-01 9.928522e-01 3.563902e-02 2.970967e-02 -9.934530e-01 1.141436e-01 -4.725957e-03 -7.816056e-02
1.074896e-03 -3.380051e-02 9.994280e-01 1.851281e+00 1.113217e-01 9.932206e-01 3.347085e-02 2.991160e-02 -9.937838e-01 1.112220e-01 4.830338e-03 -7.820749e-02
9.308993e-03 -3.279122e-02 9.994189e-01 1.866031e+00 1.123479e-01 9.931683e-01 3.153968e-02 3.012830e-02 -9.936253e-01 1.119890e-01 1.292942e-02 -7.828501e-02
1.671568e-02 -3.326952e-02 9.993066e-01 1.880760e+00 1.123873e-01 9.931750e-01 3.118545e-02 3.031385e-02 -9.935239e-01 1.117881e-01 2.034067e-02 -7.822410e-02
2.375422e-02 -3.367367e-02 9.991505e-01 1.895475e+00 1.122282e-01 9.932048e-01 3.080512e-02 3.048051e-02 -9.933985e-01 1.114012e-01 2.737194e-02 -7.791887e-02
3.240078e-02 -3.386281e-02 9.989011e-01 1.910471e+00 1.075323e-01 9.937428e-01 3.019998e-02 3.060369e-02 -9.936735e-01 1.064356e-01 3.583939e-02 -7.749630e-02
3.897201e-02 -3.265413e-02 9.987066e-01 1.925153e+00 1.044861e-01 9.941200e-01 2.842685e-02 3.065131e-02 -9.937625e-01 1.032431e-01 4.215475e-02 -7.714641e-02
4.236219e-02 -3.195096e-02 9.985913e-01 1.939922e+00 1.047433e-01 9.941227e-01 2.736457e-02 3.070905e-02 -9.935966e-01 1.034365e-01 4.545986e-02 -7.657401e-02
4.720845e-02 -3.181000e-02 9.983784e-01 1.955253e+00 1.041621e-01 9.942005e-01 2.675156e-02 3.080836e-02 -9.934393e-01 1.027303e-01 5.024806e-02 -7.589954e-02
5.368292e-02 -3.244743e-02 9.980307e-01 1.971025e+00 1.018028e-01 9.944421e-01 2.685490e-02 3.091841e-02 -9.933551e-01 1.001606e-01 5.668779e-02 -7.506260e-02
5.998048e-02 -3.088350e-02 9.977217e-01 1.985598e+00 1.054303e-01 9.941265e-01 2.443401e-02 3.097525e-02 -9.926161e-01 1.037246e-01 6.288424e-02 -7.407853e-02
6.454789e-02 -2.872819e-02 9.975010e-01 2.000371e+00 1.090159e-01 9.938060e-01 2.156740e-02 3.103036e-02 -9.919421e-01 1.073513e-01 6.727991e-02 -7.330473e-02
6.910792e-02 -2.805895e-02 9.972145e-01 2.014895e+00 1.096410e-01 9.937626e-01 2.036360e-02 3.107633e-02 -9.915659e-01 1.079283e-01 7.175328e-02 -7.240272e-02
7.433119e-02 -2.992168e-02 9.967846e-01 2.028912e+00 1.074459e-01 9.939714e-01 2.182489e-02 3.109662e-02 -9.914284e-01 1.054782e-01 7.709803e-02 -7.141863e-02
7.931723e-02 -3.196613e-02 9.963368e-01 2.042954e+00 1.068254e-01 9.940027e-01 2.338699e-02 3.115509e-02 -9.911090e-01 1.045791e-01 8.225634e-02 -7.024759e-02
8.204635e-02 -3.169456e-02 9.961244e-01 2.057373e+00 1.056221e-01 9.941419e-01 2.293186e-02 3.115756e-02 -9.910158e-01 1.033313e-01 8.491336e-02 -6.903302e-02
8.364524e-02 -3.067524e-02 9.960233e-01 2.072225e+00 1.062133e-01 9.941066e-01 2.169650e-02 3.112846e-02 -9.908190e-01 1.039761e-01 8.641041e-02 -6.771197e-02
8.480142e-02 -2.648232e-02 9.960459e-01 2.087523e+00 1.085136e-01 9.939464e-01 1.718786e-02 3.109469e-02 -9.904714e-01 1.066270e-01 8.716176e-02 -6.633527e-02
8.644761e-02 -2.237642e-02 9.960051e-01 2.102832e+00 1.096227e-01 9.938907e-01 1.281429e-02 3.099716e-02 -9.902069e-01 1.080770e-01 8.837243e-02 -6.494226e-02
8.793861e-02 -2.030074e-02 9.959190e-01 2.117833e+00 1.103770e-01 9.938342e-01 1.051206e-02 3.079895e-02 -9.899918e-01 1.090022e-01 8.963713e-02 -6.360653e-02
9.093483e-02 -2.415837e-02 9.955638e-01 2.132321e+00 1.098217e-01 9.938515e-01 1.408570e-02 3.062207e-02 -9.897828e-01 1.080536e-01 9.302883e-02 -6.220833e-02
9.215681e-02 -2.715873e-02 9.953741e-01 2.147040e+00 1.101719e-01 9.937686e-01 1.691466e-02 3.047854e-02 -9.896309e-01 1.081034e-01 9.457467e-02 -6.085544e-02
9.334433e-02 -2.668376e-02 9.952762e-01 2.161912e+00 1.103158e-01 9.937630e-01 1.629696e-02 3.034471e-02 -9.895035e-01 1.082735e-01 9.570578e-02 -5.957511e-02
9.472018e-02 -2.581805e-02 9.951691e-01 2.177158e+00 1.101048e-01 9.938022e-01 1.530282e-02 3.020851e-02 -9.893963e-01 1.081234e-01 9.697582e-02 -5.828487e-02
9.547006e-02 -2.585180e-02 9.950966e-01 2.192492e+00 1.121564e-01 9.935766e-01 1.505197e-02 3.008116e-02 -9.890937e-01 1.101695e-01 9.775626e-02 -5.680022e-02
9.877997e-02 -2.862486e-02 9.946975e-01 2.207885e+00 1.130910e-01 9.934330e-01 1.735779e-02 3.000942e-02 -9.886622e-01 1.107768e-01 1.013685e-01 -5.522819e-02
1.025373e-01 -3.058654e-02 9.942588e-01 2.223231e+00 1.099927e-01 9.937464e-01 1.922729e-02 2.990757e-02 -9.886292e-01 1.073897e-01 1.052604e-01 -5.359109e-02
1.057522e-01 -3.316586e-02 9.938393e-01 2.238848e+00 1.090345e-01 9.938041e-01 2.156257e-02 2.991825e-02 -9.883967e-01 1.060825e-01 1.087132e-01 -5.193412e-02
1.074271e-01 -3.594185e-02 9.935631e-01 2.254611e+00 1.087733e-01 9.937722e-01 2.418852e-02 2.994209e-02 -9.882448e-01 1.054746e-01 1.106675e-01 -5.022510e-02
1.084190e-01 -3.658440e-02 9.934319e-01 2.270153e+00 1.092658e-01 9.937064e-01 2.466970e-02 2.997662e-02 -9.880821e-01 1.058734e-01 1.117341e-01 -4.856398e-02
1.113853e-01 -3.735599e-02 9.930749e-01 2.285725e+00 1.083600e-01 9.937915e-01 2.522908e-02 3.004670e-02 -9.878519e-01 1.047994e-01 1.147416e-01 -4.688226e-02
1.125914e-01 -3.583221e-02 9.929951e-01 2.300729e+00 1.123098e-01 9.934044e-01 2.311266e-02 3.011430e-02 -9.872739e-01 1.089207e-01 1.158731e-01 -4.520020e-02
1.160706e-01 -3.196889e-02 9.927263e-01 2.315736e+00 1.138960e-01 9.933172e-01 1.867108e-02 3.017748e-02 -9.866891e-01 1.109004e-01 1.189361e-01 -4.356298e-02
1.184207e-01 -2.704031e-02 9.925953e-01 2.330899e+00 1.163392e-01 9.931221e-01 1.317491e-02 3.014157e-02 -9.861246e-01 1.139176e-01 1.207521e-01 -4.185917e-02
1.215204e-01 -2.675506e-02 9.922283e-01 2.345947e+00 1.184261e-01 9.928871e-01 1.226890e-02 3.007674e-02 -9.854989e-01 1.160148e-01 1.238246e-01 -4.034823e-02
1.272347e-01 -3.191089e-02 9.913592e-01 2.361373e+00 1.200143e-01 9.926342e-01 1.654885e-02 2.998605e-02 -9.845851e-01 1.168716e-01 1.301273e-01 -3.857977e-02
1.342450e-01 -3.512667e-02 9.903254e-01 2.376159e+00 1.206046e-01 9.925215e-01 1.885584e-02 2.998682e-02 -9.835816e-01 1.169065e-01 1.374774e-01 -3.681637e-02
1.431185e-01 -3.598109e-02 9.890513e-01 2.390640e+00 1.210362e-01 9.924740e-01 1.859133e-02 3.002785e-02 -9.822766e-01 1.170502e-01 1.463964e-01 -3.490197e-02
1.504237e-01 -3.149328e-02 9.881199e-01 2.405075e+00 1.203520e-01 9.926420e-01 1.331595e-02 3.006573e-02 -9.812686e-01 1.169192e-01 1.531072e-01 -3.305278e-02
1.600800e-01 -3.045133e-02 9.866342e-01 2.419429e+00 1.204217e-01 9.926608e-01 1.109908e-02 3.005956e-02 -9.797311e-01 1.170354e-01 1.625722e-01 -3.120873e-02
1.704951e-01 -3.336141e-02 9.847936e-01 2.433671e+00 1.220203e-01 9.924489e-01 1.249564e-02 3.005873e-02 -9.777742e-01 1.180344e-01 1.732785e-01 -2.935727e-02
1.789381e-01 -3.478369e-02 9.832453e-01 2.447884e+00 1.206329e-01 9.926099e-01 1.316134e-02 3.005071e-02 -9.764368e-01 1.162566e-01 1.818117e-01 -2.734072e-02
1.893022e-01 -3.523895e-02 9.812863e-01 2.462023e+00 1.208356e-01 9.925959e-01 1.233442e-02 3.004595e-02 -9.744555e-01 1.162394e-01 1.921587e-01 -2.514720e-02
1.995662e-01 -3.714758e-02 9.791799e-01 2.476051e+00 1.209827e-01 9.925695e-01 1.299812e-02 3.001296e-02 -9.723870e-01 1.158699e-01 2.025776e-01 -2.271876e-02
2.103886e-01 -4.282988e-02 9.766792e-01 2.490056e+00 1.202891e-01 9.925826e-01 1.761554e-02 2.989436e-02 -9.701892e-01 1.137778e-01 2.139800e-01 -2.012781e-02
2.205476e-01 -4.992027e-02 9.740979e-01 2.503944e+00 1.192129e-01 9.925816e-01 2.387627e-02 2.978127e-02 -9.680636e-01 1.108592e-01 2.248626e-01 -1.727363e-02
2.309985e-01 -5.646028e-02 9.713145e-01 2.517920e+00 1.198807e-01 9.923596e-01 2.917351e-02 2.978496e-02 -9.655404e-01 1.097028e-01 2.360021e-01 -1.429954e-02
2.421778e-01 -5.672389e-02 9.685723e-01 2.531757e+00 1.195638e-01 9.924252e-01 2.822557e-02 2.998176e-02 -9.628366e-01 1.089706e-01 2.471255e-01 -1.124392e-02
2.522498e-01 -5.149490e-02 9.662910e-01 2.546147e+00 1.166282e-01 9.929215e-01 2.246834e-02 3.010172e-02 -9.606081e-01 1.070291e-01 2.564700e-01 -7.693877e-03
2.617584e-01 -4.864268e-02 9.639069e-01 2.560417e+00 1.141751e-01 9.932766e-01 1.911944e-02 3.017528e-02 -9.583562e-01 1.050495e-01 2.655523e-01 -4.084846e-03
2.693291e-01 -5.370403e-02 9.615496e-01 2.574661e+00 1.128616e-01 9.933240e-01 2.386627e-02 3.020305e-02 -9.564121e-01 1.020941e-01 2.735922e-01 -3.662285e-04
2.745709e-01 -5.934328e-02 9.597339e-01 2.588920e+00 1.110320e-01 9.933742e-01 2.965814e-02 3.027885e-02 -9.551349e-01 9.841795e-02 2.793406e-01 3.563863e-03
2.776750e-01 -6.062409e-02 9.587603e-01 2.603528e+00 1.082844e-01 9.936218e-01 3.146724e-02 3.041988e-02 -9.545528e-01 9.508111e-02 2.824686e-01 7.690404e-03
2.787287e-01 -5.445997e-02 9.588245e-01 2.617903e+00 1.055339e-01 9.940814e-01 2.578398e-02 3.055278e-02 -9.545538e-01 9.400178e-02 2.828263e-01 1.193853e-02
2.789598e-01 -4.913817e-02 9.590448e-01 2.632422e+00 1.035309e-01 9.944080e-01 2.083577e-02 3.060539e-02 -9.547056e-01 9.347841e-02 2.824871e-01 1.621809e-02
2.769379e-01 -4.593287e-02 9.597893e-01 2.647060e+00 1.038764e-01 9.944342e-01 1.761836e-02 3.059850e-02 -9.552566e-01 9.482023e-02 2.801678e-01 2.053376e-02
2.742201e-01 -4.616317e-02 9.605583e-01 2.661933e+00 1.048682e-01 9.943259e-01 1.784822e-02 3.052633e-02 -9.559320e-01 9.583772e-02 2.775052e-01 2.493436e-02
2.701126e-01 -4.586342e-02 9.617358e-01 2.676667e+00 1.055651e-01 9.942537e-01 1.776519e-02 3.045261e-02 -9.570241e-01 9.672710e-02 2.734020e-01 2.914282e-02
2.665841e-01 -4.348564e-02 9.628302e-01 2.691279e+00 1.050177e-01 9.943443e-01 1.583213e-02 3.034864e-02 -9.580732e-01 9.689363e-02 2.696432e-01 3.326979e-02
2.625164e-01 -4.305037e-02 9.639667e-01 2.705814e+00 1.050410e-01 9.943424e-01 1.580119e-02 3.021955e-02 -9.591932e-01 9.710794e-02 2.655533e-01 3.739139e-02
2.591322e-01 -4.083464e-02 9.649783e-01 2.720089e+00 1.052745e-01 9.943473e-01 1.380736e-02 3.010392e-02 -9.600874e-01 9.800967e-02 2.619663e-01 4.141768e-02
2.551539e-01 -3.869433e-02 9.661259e-01 2.734411e+00 1.071623e-01 9.941748e-01 1.151615e-02 2.995069e-02 -9.609437e-01 1.005939e-01 2.578142e-01 4.531806e-02
2.518940e-01 -3.848638e-02 9.669893e-01 2.748493e+00 1.082290e-01 9.940610e-01 1.137093e-02 2.978844e-02 -9.616839e-01 1.017920e-01 2.545633e-01 4.915211e-02
2.485784e-01 -3.939887e-02 9.678102e-01 2.762637e+00 1.086062e-01 9.940054e-01 1.257018e-02 2.964445e-02 -9.625038e-01 1.019855e-01 2.513672e-01 5.292956e-02
2.459295e-01 -4.150750e-02 9.683986e-01 2.777033e+00 1.090211e-01 9.939275e-01 1.491530e-02 2.952892e-02 -9.631371e-01 1.019077e-01 2.489613e-01 5.668562e-02
2.444942e-01 -4.352090e-02 9.686736e-01 2.791241e+00 1.094886e-01 9.938424e-01 1.701664e-02 2.944618e-02 -9.634494e-01 1.018983e-01 2.477538e-01 6.034688e-02
2.432110e-01 -4.496325e-02 9.689307e-01 2.805381e+00 1.107972e-01 9.936745e-01 1.830032e-02 2.941739e-02 -9.636246e-01 1.029040e-01 2.466544e-01 6.385921e-02
2.435374e-01 -4.353666e-02 9.689139e-01 2.819392e+00 1.124569e-01 9.935217e-01 1.637624e-02 2.938818e-02 -9.633499e-01 1.049728e-01 2.468556e-01 6.713707e-02
2.466094e-01 -4.101503e-02 9.682466e-01 2.833223e+00 1.141401e-01 9.933795e-01 1.300854e-02 2.941787e-02 -9.623699e-01 1.073077e-01 2.496582e-01 7.037595e-02
2.534279e-01 -4.147595e-02 9.664647e-01 2.847003e+00 1.153224e-01 9.932509e-01 1.238547e-02 2.943680e-02 -9.604556e-01 1.083162e-01 2.565006e-01 7.371829e-02
2.629230e-01 -4.340566e-02 9.638399e-01 2.860596e+00 1.173152e-01 9.930133e-01 1.271740e-02 2.948320e-02 -9.576579e-01 1.097294e-01 2.661782e-01 7.698765e-02
2.747569e-01 -4.459755e-02 9.604789e-01 2.874289e+00 1.187351e-01 9.928518e-01 1.213506e-02 2.953192e-02 -9.541544e-01 1.107084e-01 2.780882e-01 8.032751e-02
2.877594e-01 -4.232206e-02 9.567671e-01 2.888041e+00 1.185625e-01 9.929122e-01 8.261789e-03 2.952155e-02 -9.503354e-01 1.110593e-01 2.907377e-01 8.397317e-02
3.020754e-01 -3.770559e-02 9.525381e-01 2.901553e+00 1.175078e-01 9.930699e-01 2.045133e-03 2.944228e-02 -9.460139e-01 1.113129e-01 3.044127e-01 8.784019e-02
3.167400e-01 -3.240157e-02 9.479588e-01 2.915009e+00 1.175277e-01 9.930553e-01 -5.326354e-03 2.924026e-02 -9.412030e-01 1.130985e-01 3.183484e-01 9.195757e-02
3.323149e-01 -2.613614e-02 9.428063e-01 2.928773e+00 1.172938e-01 9.930012e-01 -1.381539e-02 2.889487e-02 -9.358467e-01 1.151764e-01 3.330547e-01 9.641460e-02
3.487495e-01 -1.975514e-02 9.370077e-01 2.942404e+00 1.164210e-01 9.929474e-01 -2.239679e-02 2.843103e-02 -9.299569e-01 1.168983e-01 3.485898e-01 1.011083e-01
3.661743e-01 -1.445977e-02 9.304339e-01 2.956002e+00 1.150674e-01 9.929090e-01 -2.985436e-02 2.787894e-02 -9.234045e-01 1.179945e-01 3.652416e-01 1.059834e-01
3.847304e-01 -1.223284e-02 9.229479e-01 2.969555e+00 1.142672e-01 9.928518e-01 -3.447286e-02 2.721579e-02 -9.159288e-01 1.187254e-01 3.833780e-01 1.111678e-01
4.031569e-01 -1.128164e-02 9.150613e-01 2.982789e+00 1.138487e-01 9.927742e-01 -3.791959e-02 2.647780e-02 -9.080215e-01 1.194660e-01 4.015282e-01 1.165469e-01
4.205995e-01 -9.840053e-03 9.071931e-01 2.996020e+00 1.123049e-01 9.928152e-01 -4.129884e-02 2.563632e-02 -9.002687e-01 1.192525e-01 4.186826e-01 1.222471e-01
4.378892e-01 -6.477645e-03 8.990056e-01 3.009318e+00 1.092654e-01 9.929446e-01 -4.606666e-02 2.468895e-02 -8.923643e-01 1.184023e-01 4.355075e-01 1.284053e-01
4.525936e-01 -1.956897e-03 8.917147e-01 3.022756e+00 1.072885e-01 9.928527e-01 -5.227588e-02 2.366409e-02 -8.852391e-01 1.193304e-01 4.495688e-01 1.349527e-01
4.642613e-01 9.799663e-04 8.856977e-01 3.036120e+00 1.073040e-01 9.925711e-01 -5.734440e-02 2.255841e-02 -8.791742e-01 1.216617e-01 4.607073e-01 1.415565e-01
4.747644e-01 1.753007e-03 8.801112e-01 3.049339e+00 1.062460e-01 9.925706e-01 -5.928999e-02 2.145096e-02 -8.736765e-01 1.216570e-01 4.710509e-01 1.482824e-01
4.850210e-01 1.013985e-04 8.745025e-01 3.062373e+00 1.029322e-01 9.930421e-01 -5.720394e-02 2.038729e-02 -8.684236e-01 1.177596e-01 4.816358e-01 1.550608e-01
4.948902e-01 -5.047935e-03 8.689409e-01 3.075674e+00 1.015873e-01 9.934622e-01 -5.208594e-02 1.932415e-02 -8.629969e-01 1.140501e-01 4.921675e-01 1.622000e-01
5.063787e-01 -1.337163e-02 8.622075e-01 3.088423e+00 1.009076e-01 9.939290e-01 -4.384907e-02 1.831949e-02 -8.563868e-01 1.092075e-01 5.046538e-01 1.690312e-01
5.147718e-01 -2.160378e-02 8.570550e-01 3.100821e+00 1.035056e-01 9.939362e-01 -3.711430e-02 1.754205e-02 -8.510561e-01 1.078154e-01 5.138865e-01 1.760886e-01
5.211191e-01 -2.054329e-02 8.532367e-01 3.113237e+00 1.038797e-01 9.938045e-01 -3.951737e-02 1.676388e-02 -8.471386e-01 1.092272e-01 5.200246e-01 1.833239e-01
5.270399e-01 -1.322936e-02 8.497375e-01 3.125734e+00 1.030211e-01 9.934995e-01 -4.843007e-02 1.580015e-02 -8.435731e-01 1.130654e-01 5.249768e-01 1.911111e-01
5.319509e-01 -4.127645e-03 8.467651e-01 3.138459e+00 1.021129e-01 9.930033e-01 -5.930840e-02 1.479001e-02 -8.405957e-01 1.180148e-01 5.286505e-01 1.988280e-01
5.338305e-01 2.478978e-03 8.455879e-01 3.151366e+00 1.021648e-01 9.924810e-01 -6.740754e-02 1.353679e-02 -8.393970e-01 1.223735e-01 5.295634e-01 2.069224e-01
5.351818e-01 1.002591e-04 8.447369e-01 3.164098e+00 1.056098e-01 9.921462e-01 -6.702671e-02 1.228689e-02 -8.381092e-01 1.250840e-01 5.309680e-01 2.149284e-01
5.375331e-01 -5.158383e-03 8.432269e-01 3.176917e+00 1.094830e-01 9.919439e-01 -6.372414e-02 1.107942e-02 -8.361050e-01 1.265728e-01 5.337674e-01 2.230853e-01
5.397953e-01 -7.488845e-03 8.417630e-01 3.189491e+00 1.130919e-01 9.915404e-01 -6.370083e-02 9.898121e-03 -8.341650e-01 1.295820e-01 5.360758e-01 2.311220e-01
