1.000000e+00 0.000000e+00 0.000000e+00 0.000000e+00 0.000000e+00 1.000000e+00 0.000000e+00 -0.000000e+00 0.000000e+00 0.000000e+00 1.000000e+00 -0.000000e+00
9.999258e-01 -1.483905e-03 1.209184e-02 -3.603472e-04 1.501831e-03 9.999978e-01 -1.473580e-03 -1.972550e-04 -1.208963e-02 1.491630e-03 9.999258e-01 9.683264e-03
9.998192e-01 -2.423008e-03 1.885912e-02 -5.221236e-04 2.457576e-03 9.999953e-01 -1.810032e-03 -4.107547e-04 -1.885465e-02 1.856053e-03 9.998205e-01 1.885594e-02
9.997857e-01 -3.927173e-03 2.032452e-02 -4.552659e-04 3.945031e-03 9.999919e-01 -8.386082e-04 -6.196259e-04 -2.032107e-02 9.186094e-04 9.997931e-01 2.748702e-02
9.998349e-01 -4.591977e-03 1.758067e-02 -1.586379e-04 4.587754e-03 9.999894e-01 2.805527e-04 -8.261630e-04 -1.758177e-02 -1.998506e-04 9.998454e-01 3.593008e-02
9.999264e-01 -6.317265e-03 1.035385e-02 2.653104e-04 6.304458e-03 9.999793e-01 1.269140e-03 -1.051858e-03 -1.036165e-02 -1.203771e-03 9.999456e-01 4.462819e-02
9.999657e-01 -8.023537e-03 -2.041270e-03 7.244498e-04 8.029558e-03 9.999634e-01 2.958581e-03 -1.245414e-03 2.017457e-03 -2.974871e-03 9.999935e-01 5.368444e-02
9.997893e-01 -7.821815e-03 -1.897714e-02 1.117483e-03 7.874754e-03 9.999653e-01 2.716527e-03 -1.427587e-03 1.895523e-02 -2.865395e-03 9.998162e-01 6.295201e-02
9.992232e-01 -5.093357e-03 -3.907733e-02 1.380586e-03 5.159915e-03 9.999854e-01 1.602569e-03 -1.608334e-03 3.906860e-02 -1.802960e-03 9.992349e-01 7.271996e-02
9.982493e-01 -3.046027e-03 -5.906870e-02 1.431506e-03 3.156332e-03 9.999934e-01 1.774196e-03 -1.795108e-03 5.906291e-02 -1.957530e-03 9.982523e-01 8.261711e-02
9.967827e-01 -3.457634e-03 -8.007696e-02 1.186897e-03 3.599997e-03 9.999922e-01 1.633525e-03 -1.969665e-03 8.007068e-02 -1.916546e-03 9.967873e-01 9.251069e-02
9.948520e-01 -4.984760e-03 -1.012156e-01 6.661724e-04 5.079972e-03 9.999869e-01 6.829530e-04 -2.124512e-03 1.012108e-01 -1.193609e-03 9.948643e-01 1.026727e-01
9.926738e-01 -6.125099e-03 -1.206702e-01 -3.328823e-05 6.155449e-03 9.999810e-01 -1.212364e-04 -2.276499e-03 1.206687e-01 -6.224311e-04 9.926926e-01 1.129837e-01
9.902927e-01 -4.978628e-03 -1.389084e-01 -8.666299e-04 4.851056e-03 9.999874e-01 -1.256945e-03 -2.467291e-03 1.389129e-01 5.708914e-04 9.903044e-01 1.237417e-01
9.879612e-01 -4.036043e-03 -1.546492e-01 -1.983978e-03 3.724741e-03 9.999904e-01 -2.302663e-03 -2.664654e-03 1.546570e-01 1.698913e-03 9.879668e-01 1.348120e-01
9.857989e-01 -3.385632e-03 -1.678960e-01 -3.430285e-03 3.016010e-03 9.999924e-01 -2.456444e-03 -2.858599e-03 1.679030e-01 1.915184e-03 9.858017e-01 1.460163e-01
9.837006e-01 -4.409451e-03 -1.797602e-01 -5.220907e-03 4.199050e-03 9.999900e-01 -1.550948e-03 -2.998301e-03 1.797653e-01 7.708466e-04 9.837092e-01 1.578293e-01
9.818237e-01 -6.848320e-03 -1.896716e-01 -7.424915e-03 7.091383e-03 9.999747e-01 6.028370e-04 -3.134042e-03 1.896627e-01 -1.936914e-03 9.818474e-01 1.700793e-01
9.801191e-01 -6.085508e-03 -1.983167e-01 -9.626295e-03 6.581500e-03 9.999766e-01 1.841942e-03 -3.280261e-03 1.983009e-01 -3.110544e-03 9.801363e-01 1.819036e-01
9.783411e-01 -5.567649e-03 -2.069242e-01 -1.206660e-02 6.297559e-03 9.999761e-01 2.868902e-03 -3.444462e-03 2.069032e-01 -4.109882e-03 9.783528e-01 1.940964e-01
9.763866e-01 -5.099905e-03 -2.159704e-01 -1.484503e-02 6.458460e-03 9.999635e-01 5.585188e-03 -3.531760e-03 2.159340e-01 -6.848138e-03 9.763839e-01 2.073852e-01
9.743197e-01 -6.838671e-03 -2.250650e-01 -1.787647e-02 8.726053e-03 9.999346e-01 7.392274e-03 -3.714430e-03 2.249997e-01 -9.166367e-03 9.743157e-01 2.218878e-01
9.722893e-01 -1.207899e-02 -2.334686e-01 -2.117259e-02 1.455096e-02 9.998548e-01 8.868462e-03 -3.792726e-03 2.333276e-01 -1.201990e-02 9.723239e-01 2.352833e-01
9.698402e-01 -1.197455e-02 -2.434472e-01 -2.442845e-02 1.507382e-02 9.998273e-01 1.087185e-02 -3.876947e-03 2.432749e-01 -1.421364e-02 9.698532e-01 2.488365e-01
9.672676e-01 -6.945897e-03 -2.536633e-01 -2.780909e-02 1.094825e-02 9.998368e-01 1.436991e-02 -3.946611e-03 2.535221e-01 -1.667672e-02 9.671858e-01 2.631526e-01
9.643441e-01 -3.060135e-03 -2.646338e-01 -3.158617e-02 7.682807e-03 9.998354e-01 1.643494e-02 -4.023427e-03 2.645399e-01 -1.788207e-02 9.642089e-01 2.780838e-01
9.625096e-01 -2.831413e-03 -2.712330e-01 -3.533242e-02 7.977858e-03 9.998084e-01 1.787354e-02 -4.049103e-03 2.711304e-01 -1.936731e-02 9.623478e-01 2.935956e-01
9.596452e-01 -4.116443e-03 -2.811834e-01 -3.942173e-02 1.031693e-02 9.997351e-01 2.057460e-02 -3.998179e-03 2.810243e-01 -2.264527e-02 9.594335e-01 3.082277e-01
9.567472e-01 -3.742633e-03 -2.908964e-01 -4.376891e-02 1.075182e-02 9.996890e-01 2.250048e-02 -3.962178e-03 2.907217e-01 -2.465494e-02 9.564900e-01 3.229855e-01
9.536976e-01 -1.044417e-03 -3.007654e-01 -4.826837e-02 9.114839e-03 9.996350e-01 2.543100e-02 -3.868305e-03 3.006290e-01 -2.699491e-02 9.533590e-01 3.380010e-01
9.506328e-01 9.838697e-04 -3.103164e-01 -5.300202e-02 8.720110e-03 9.995154e-01 2.988246e-02 -3.696793e-03 3.101954e-01 -3.111324e-02 9.501636e-01 3.532533e-01
9.481254e-01 4.713171e-03 -3.178618e-01 -5.761757e-02 7.554263e-03 9.992737e-01 3.735000e-02 -3.378628e-03 3.178069e-01 -3.781369e-02 9.474011e-01 3.683508e-01
9.459812e-01 8.908057e-03 -3.240989e-01 -6.227723e-02 6.043175e-03 9.989644e-01 4.509599e-02 -2.933725e-03 3.241650e-01 -4.461855e-02 9.449477e-01 3.832393e-01
9.435127e-01 1.424350e-02 -3.310300e-01 -6.715549e-02 3.738297e-03 9.985544e-01 5.362064e-02 -2.322261e-03 3.313152e-01 -5.182925e-02 9.420955e-01 3.983084e-01
9.412600e-01 2.178335e-02 -3.369794e-01 -7.211129e-02 -8.321800e-04 9.980638e-01 6.219335e-02 -1.620838e-03 3.376817e-01 -5.825969e-02 9.394556e-01 4.129233e-01
9.386185e-01 2.738261e-02 -3.438685e-01 -7.728725e-02 -3.698578e-03 9.975860e-01 6.934322e-02 -7.544572e-04 3.449372e-01 -6.381501e-02 9.364539e-01 4.280655e-01
9.359968e-01 3.294490e-02 -3.504635e-01 -8.244510e-02 -6.979633e-03 9.971519e-01 7.509527e-02 1.152846e-04 3.519394e-01 -6.784282e-02 9.335609e-01 4.424009e-01
9.332803e-01 3.755885e-02 -3.571794e-01 -8.765050e-02 -9.354576e-03 9.967215e-01 8.036654e-02 1.053267e-03 3.590269e-01 -7.166325e-02 9.305719e-01 4.566599e-01
9.305986e-01 4.308159e-02 -3.634972e-01 -9.272719e-02 -1.284428e-02 9.962814e-01 8.519602e-02 2.047891e-03 3.658159e-01 -7.461444e-02 9.276914e-01 4.705573e-01
9.280448e-01 4.694782e-02 -3.694980e-01 -9.780462e-02 -1.542121e-02 9.960170e-01 8.781984e-02 3.082773e-03 3.721492e-01 -7.580263e-02 9.250724e-01 4.843224e-01
9.255683e-01 4.832115e-02 -3.754842e-01 -1.031061e-01 -1.598469e-02 9.959245e-01 8.876350e-02 4.152249e-03 3.782431e-01 -7.615468e-02 9.225685e-01 4.983020e-01
9.227078e-01 4.743885e-02 -3.825701e-01 -1.086491e-01 -1.491140e-02 9.960489e-01 8.754615e-02 5.215047e-03 3.852116e-01 -7.507486e-02 9.197694e-01 5.124661e-01
9.195778e-01 4.621655e-02 -3.901804e-01 -1.142185e-01 -1.367543e-02 9.962210e-01 8.577129e-02 6.220929e-03 3.926700e-01 -7.353748e-02 9.167347e-01 5.261605e-01
9.162575e-01 4.482481e-02 -3.980740e-01 -1.198147e-01 -1.238904e-02 9.964153e-01 8.368438e-02 7.183539e-03 4.003981e-01 -7.174469e-02 9.135283e-01 5.396720e-01
9.122954e-01 4.381395e-02 -4.071823e-01 -1.255355e-01 -1.189084e-02 9.966753e-01 8.060350e-02 8.095749e-03 4.093601e-01 -6.869246e-02 9.097833e-01 5.531623e-01
9.083682e-01 4.168245e-02 -4.160888e-01 -1.314526e-01 -1.146070e-02 9.971275e-01 7.486908e-02 8.955559e-03 4.180143e-01 -6.324002e-02 9.062366e-01 5.667642e-01
9.041230e-01 4.052441e-02 -4.253462e-01 -1.375472e-01 -1.195473e-02 9.975016e-01 6.962475e-02 9.753604e-03 4.271050e-01 -5.786444e-02 9.023486e-01 5.804665e-01
8.996056e-01 4.120547e-02 -4.347550e-01 -1.438488e-01 -1.393110e-02 9.977397e-01 6.573781e-02 1.047133e-02 4.364810e-01 -5.308148e-02 8.981462e-01 5.941740e-01
8.950812e-01 4.238332e-02 -4.438844e-01 -1.501668e-01 -1.532559e-02 9.978084e-01 6.436989e-02 1.116083e-02 4.456398e-01 -5.081349e-02 8.937691e-01 6.077481e-01
8.901236e-01 4.287649e-02 -4.536976e-01 -1.569622e-01 -1.541568e-02 9.978273e-01 6.405473e-02 1.185428e-02 4.554583e-01 -5.002257e-02 8.888507e-01 6.216470e-01
8.856424e-01 4.259225e-02 -4.624104e-01 -1.638989e-01 -1.511283e-02 9.979009e-01 6.297066e-02 1.255050e-02 4.641219e-01 -4.878116e-02 8.844271e-01 6.355385e-01
8.808813e-01 4.230596e-02 -4.714429e-01 -1.709417e-01 -1.513473e-02 9.980059e-01 6.127931e-02 1.325419e-02 4.730952e-01 -4.684464e-02 8.797650e-01 6.495154e-01
8.761113e-01 3.992307e-02 -4.804531e-01 -1.782810e-01 -1.312115e-02 9.981708e-01 5.901608e-02 1.393342e-02 4.819303e-01 -4.540056e-02 8.750325e-01 6.633749e-01
8.715606e-01 3.793279e-02 -4.888182e-01 -1.854981e-01 -1.246649e-02 9.983948e-01 5.524876e-02 1.459761e-02 4.901293e-01 -4.205880e-02 8.706344e-01 6.771455e-01
8.671015e-01 3.566367e-02 -4.968532e-01 -1.930337e-01 -1.263680e-02 9.986877e-01 4.963133e-02 1.516852e-02 4.979712e-01 -3.675676e-02 8.664142e-01 6.909588e-01
8.627659e-01 3.286989e-02 -5.045341e-01 -2.007155e-01 -1.121445e-02 9.988831e-01 4.589924e-02 1.570861e-02 5.054793e-01 -3.394223e-02 8.621709e-01 7.049519e-01
8.586379e-01 3.052680e-02 -5.116728e-01 -2.084541e-01 -9.062021e-03 9.989731e-01 4.439253e-02 1.617847e-02 5.125025e-01 -3.348032e-02 8.580328e-01 7.186571e-01
8.546464e-01 2.862814e-02 -5.184207e-01 -2.162658e-01 -7.184097e-03 9.990352e-01 4.332516e-02 1.661800e-02 5.191608e-01 -3.330331e-02 8.540275e-01 7.322339e-01
8.507735e-01 2.677505e-02 -5.248500e-01 -2.241797e-01 -5.774349e-03 9.991173e-01 4.160951e-02 1.702774e-02 5.255008e-01 -3.236960e-02 8.501771e-01 7.456544e-01
8.472244e-01 2.453277e-02 -5.306684e-01 -2.323611e-01 -3.396661e-03 9.991628e-01 4.076840e-02 1.742340e-02 5.312243e-01 -3.273748e-02 8.465985e-01 7.592251e-01
8.440128e-01 2.355273e-02 -5.358057e-01 -2.406971e-01 -1.941976e-03 9.991629e-01 4.086176e-02 1.781071e-02 5.363196e-01 -3.344732e-02 8.433520e-01 7.728131e-01
8.414413e-01 2.319859e-02 -5.398503e-01 -2.492525e-01 -9.711228e-04 9.991413e-01 4.142171e-02 1.825262e-02 5.403477e-01 -3.432967e-02 8.407413e-01 7.865891e-01
8.386448e-01 2.345365e-02 -5.441735e-01 -2.580192e-01 -1.262369e-03 9.991535e-01 4.111762e-02 1.869369e-02 5.446772e-01 -3.379613e-02 8.379645e-01 8.007386e-01
8.376944e-01 2.201453e-02 -5.456953e-01 -2.666174e-01 -5.199219e-04 9.992189e-01 3.951253e-02 1.904882e-02 5.461389e-01 -3.281571e-02 8.370516e-01 8.143413e-01
8.372707e-01 2.043119e-02 -5.464068e-01 -2.751560e-01 3.713917e-05 9.992995e-01 3.742262e-02 1.937633e-02 5.467886e-01 -3.135315e-02 8.366834e-01 8.278591e-01
8.366739e-01 1.852191e-02 -5.473880e-01 -2.839001e-01 1.756250e-03 9.993322e-01 3.649870e-02 1.969961e-02 5.476985e-01 -3.149886e-02 8.360826e-01 8.416765e-01
8.356640e-01 1.781210e-02 -5.489521e-01 -2.926217e-01 2.832805e-03 9.993209e-01 3.673778e-02 2.001056e-02 5.492337e-01 -3.225551e-02 8.350461e-01 8.554649e-01
8.339230e-01 1.675366e-02 -5.516264e-01 -3.013955e-01 4.237182e-03 9.993153e-01 3.675618e-02 2.033130e-02 5.518645e-01 -3.298916e-02 8.332810e-01 8.692941e-01
8.316802e-01 1.504708e-02 -5.550510e-01 -3.103193e-01 4.833689e-03 9.993987e-01 3.433579e-02 2.062548e-02 5.552339e-01 -3.123934e-02 8.311073e-01 8.831811e-01
8.289161e-01 1.179449e-02 -5.592485e-01 -3.192916e-01 6.231758e-03 9.995209e-01 3.031648e-02 2.090632e-02 5.593382e-01 -2.861492e-02 8.284455e-01 8.970681e-01
8.253108e-01 7.649890e-03 -5.646269e-01 -3.284230e-01 8.677067e-03 9.996184e-01 2.622661e-02 2.113547e-02 5.646120e-01 -2.654441e-02 8.249295e-01 9.110081e-01
8.201487e-01 6.474234e-03 -5.721138e-01 -3.378290e-01 9.112984e-03 9.996613e-01 2.437634e-02 2.127328e-02 5.720778e-01 -2.520589e-02 8.198119e-01 9.249073e-01
8.136967e-01 6.293285e-03 -5.812556e-01 -3.471289e-01 1.151791e-02 9.995705e-01 2.694627e-02 2.141462e-02 5.811756e-01 -2.862094e-02 8.132748e-01 9.382879e-01
8.064101e-01 6.649364e-03 -5.913193e-01 -3.565130e-01 1.393175e-02 9.994456e-01 3.023811e-02 2.163668e-02 5.911925e-01 -3.262243e-02 8.058705e-01 9.515920e-01
7.995852e-01 6.427680e-03 -6.005182e-01 -3.661492e-01 1.424516e-02 9.994584e-01 2.966507e-02 2.189237e-02 6.003836e-01 -3.227423e-02 7.990606e-01 9.651364e-01
7.929814e-01 4.177872e-03 -6.092316e-01 -3.757381e-01 1.354504e-02 9.996084e-01 2.448528e-02 2.209152e-02 6.090953e-01 -2.766843e-02 7.926143e-01 9.783156e-01
7.869909e-01 2.980672e-03 -6.169573e-01 -3.856268e-01 1.189696e-02 9.997291e-01 2.000570e-02 2.217297e-02 6.168498e-01 -2.308423e-02 7.867423e-01 9.917333e-01
7.820118e-01 3.551225e-03 -6.232535e-01 -3.961178e-01 1.243861e-02 9.996957e-01 2.130318e-02 2.219066e-02 6.231395e-01 -2.441174e-02 7.817297e-01 1.005573e+00
7.775205e-01 5.313893e-03 -6.288351e-01 -4.063897e-01 1.360148e-02 9.995883e-01 2.526439e-02 2.224790e-02 6.287105e-01 -2.819667e-02 7.771281e-01 1.018856e+00
7.731478e-01 1.073961e-02 -6.341350e-01 -4.165720e-01 1.228065e-02 9.994157e-01 3.189872e-02 2.237865e-02 6.341070e-01 -3.245001e-02 7.725641e-01 1.031902e+00
7.688149e-01 1.088036e-02 -6.393788e-01 -4.268877e-01 1.338365e-02 9.993625e-01 3.309928e-02 2.261268e-02 6.393313e-01 -3.400444e-02 7.681792e-01 1.044882e+00
7.642471e-01 8.108253e-03 -6.448726e-01 -4.373371e-01 1.398267e-02 9.994776e-01 2.913790e-02 2.282436e-02 6.447719e-01 -3.128559e-02 7.637345e-01 1.057935e+00
7.600953e-01 5.341393e-03 -6.497897e-01 -4.480859e-01 1.341290e-02 9.996242e-01 2.390692e-02 2.296217e-02 6.496732e-01 -2.688710e-02 7.597380e-01 1.071122e+00
7.555851e-01 3.848165e-03 -6.550392e-01 -4.590554e-01 1.289949e-02 9.997014e-01 2.075246e-02 2.301950e-02 6.549235e-01 -2.412992e-02 7.553098e-01 1.084306e+00
7.511947e-01 4.502137e-03 -6.600654e-01 -4.701453e-01 1.257932e-02 9.996975e-01 2.113471e-02 2.306734e-02 6.599608e-01 -2.417945e-02 7.509108e-01 1.097637e+00
7.467460e-01 5.470386e-03 -6.650868e-01 -4.810117e-01 1.297186e-02 9.996562e-01 2.278678e-02 2.313803e-02 6.649828e-01 -2.564335e-02 7.464183e-01 1.110472e+00
7.417158e-01 6.149683e-03 -6.706861e-01 -4.919666e-01 1.493108e-02 9.995588e-01 2.567756e-02 2.324781e-02 6.705481e-01 -2.905952e-02 7.412967e-01 1.123180e+00
7.363633e-01 5.262667e-03 -6.765659e-01 -5.028890e-01 1.678414e-02 9.995199e-01 2.604235e-02 2.341283e-02 6.763781e-01 -3.053221e-02 7.359215e-01 1.135638e+00
7.304146e-01 3.889063e-03 -6.829929e-01 -5.141900e-01 1.814718e-02 9.995203e-01 2.509859e-02 2.356980e-02 6.827629e-01 -3.072677e-02 7.299936e-01 1.148249e+00
7.240962e-01 3.110362e-03 -6.896919e-01 -5.256707e-01 1.879888e-02 9.995293e-01 2.424429e-02 2.370644e-02 6.894427e-01 -3.052063e-02 7.236969e-01 1.160904e+00
7.172968e-01 3.833257e-03 -6.967572e-01 -5.374409e-01 1.907020e-02 9.995023e-01 2.513119e-02 2.381434e-02 6.965067e-01 -3.131382e-02 7.168667e-01 1.173557e+00
7.106919e-01 4.202550e-03 -7.034909e-01 -5.492853e-01 1.965022e-02 9.994734e-01 2.582207e-02 2.393485e-02 7.032289e-01 -3.217529e-02 7.102350e-01 1.186082e+00
7.037654e-01 5.640295e-03 -7.104100e-01 -5.615144e-01 1.918675e-02 9.994528e-01 2.694244e-02 2.406877e-02 7.101733e-01 -3.259161e-02 7.032721e-01 1.198879e+00
6.970063e-01 6.718809e-03 -7.170335e-01 -5.737399e-01 1.926773e-02 9.994196e-01 2.809442e-02 2.422031e-02 7.168061e-01 -3.339760e-02 6.964723e-01 1.211515e+00
6.895757e-01 7.413318e-03 -7.241757e-01 -5.861658e-01 2.005123e-02 9.993688e-01 2.932366e-02 2.442574e-02 7.239360e-01 -3.474150e-02 6.889918e-01 1.224041e+00
6.822277e-01 7.204260e-03 -7.311043e-01 -5.987328e-01 2.084039e-02 9.993535e-01 2.929472e-02 2.466804e-02 7.308427e-01 -3.522216e-02 6.816365e-01 1.236372e+00
6.745102e-01 5.762383e-03 -7.382430e-01 -6.116620e-01 2.160275e-02 9.993873e-01 2.753853e-02 2.491319e-02 7.379494e-01 -3.452310e-02 6.739724e-01 1.248898e+00
6.664396e-01 4.843833e-03 -7.455433e-01 -6.245117e-01 2.250141e-02 9.993927e-01 2.660707e-02 2.513888e-02 7.452194e-01 -3.450778e-02 6.659258e-01 1.260882e+00
6.590514e-01 4.036165e-03 -7.520871e-01 -6.370772e-01 2.442601e-02 9.993432e-01 2.676752e-02 2.531276e-02 7.517011e-01 -3.601166e-02 6.585200e-01 1.272287e+00
6.519231e-01 5.255636e-03 -7.582669e-01 -6.495439e-01 2.466183e-02 9.993000e-01 2.812937e-02 2.552319e-02 7.578839e-01 -3.703844e-02 6.513372e-01 1.283537e+00
6.452404e-01 4.787792e-03 -7.639646e-01 -6.624260e-01 2.446090e-02 9.993382e-01 2.692244e-02 2.570635e-02 7.635879e-01 -3.605871e-02 6.446963e-01 1.294861e+00
6.394059e-01 4.530496e-03 -7.688560e-01 -6.755576e-01 2.353758e-02 9.993986e-01 2.546360e-02 2.592171e-02 7.685090e-01 -3.437859e-02 6.389148e-01 1.306341e+00
6.330461e-01 5.036425e-03 -7.740977e-01 -6.889151e-01 2.237869e-02 9.994418e-01 2.480353e-02 2.606819e-02 7.737906e-01 -3.302507e-02 6.325800e-01 1.317633e+00
6.269936e-01 6.061795e-03 -7.790009e-01 -7.023225e-01 2.209835e-02 9.994289e-01 2.556333e-02 2.621902e-02 7.787110e-01 -3.324268e-02 6.265015e-01 1.328872e+00
6.213442e-01 8.274404e-03 -7.834941e-01 -7.156814e-01 2.136287e-02 9.993936e-01 2.749616e-02 2.637128e-02 7.832465e-01 -3.382226e-02 6.207906e-01 1.340075e+00
6.154418e-01 1.007332e-02 -7.881179e-01 -7.291292e-01 2.145349e-02 9.993338e-01 2.952601e-02 2.656726e-02 7.878903e-01 -3.507942e-02 6.148157e-01 1.351134e+00
6.097925e-01 1.062612e-02 -7.924899e-01 -7.425961e-01 2.071390e-02 9.993549e-01 2.933848e-02 2.676108e-02 7.922904e-01 -3.430594e-02 6.091790e-01 1.362105e+00
6.040363e-01 9.406813e-03 -7.969013e-01 -7.563919e-01 2.038684e-02 9.994207e-01 2.725024e-02 2.694754e-02 7.966960e-01 -3.270643e-02 6.034946e-01 1.373117e+00
5.981698e-01 7.881171e-03 -8.013306e-01 -7.704630e-01 2.116728e-02 9.994474e-01 2.563043e-02 2.711572e-02 8.010898e-01 -3.229334e-02 5.976724e-01 1.384122e+00
5.924302e-01 6.994421e-03 -8.055914e-01 -7.845991e-01 2.236031e-02 9.994343e-01 2.512116e-02 2.724288e-02 8.053114e-01 -3.289581e-02 5.919387e-01 1.394937e+00
5.867955e-01 6.023789e-03 -8.097128e-01 -7.985482e-01 2.350094e-02 9.994244e-01 2.446617e-02 2.735953e-02 8.093941e-01 -3.338565e-02 5.863161e-01 1.405389e+00
5.815219e-01 4.956021e-03 -8.135156e-01 -8.126917e-01 2.443107e-02 9.994240e-01 2.355255e-02 2.747242e-02 8.131638e-01 -3.357139e-02 5.810659e-01 1.415803e+00
5.766952e-01 4.333445e-03 -8.169479e-01 -8.267337e-01 2.557578e-02 9.994000e-01 2.335555e-02 2.760519e-02 8.165590e-01 -3.436311e-02 5.762383e-01 1.426110e+00
5.719669e-01 3.689533e-03 -8.202684e-01 -8.411535e-01 2.868440e-02 9.992883e-01 2.449617e-02 2.774974e-02 8.197750e-01 -3.753991e-02 5.714540e-01 1.436479e+00
5.669923e-01 4.487662e-03 -8.237109e-01 -8.556459e-01 3.188468e-02 9.991162e-01 2.739076e-02 2.791857e-02 8.231058e-01 -4.179411e-02 5.663481e-01 1.446726e+00
5.611552e-01 4.219579e-03 -8.276999e-01 -8.704062e-01 3.501736e-02 9.989707e-01 2.883341e-02 2.814094e-02 8.269696e-01 -4.516388e-02 5.604298e-01 1.457032e+00
5.532354e-01 2.119800e-03 -8.330223e-01 -8.850444e-01 3.944096e-02 9.988086e-01 2.873562e-02 2.834778e-02 8.320907e-01 -4.875276e-02 5.524927e-01 1.467067e+00
5.433909e-01 1.065688e-03 -8.394791e-01 -8.999330e-01 4.321711e-02 9.986377e-01 2.924197e-02 2.859597e-02 8.383666e-01 -5.216968e-02 5.426046e-01 1.477010e+00
5.332097e-01 -1.159514e-03 -8.459823e-01 -9.149270e-01 4.593304e-02 9.985637e-01 2.758225e-02 2.886704e-02 8.447352e-01 -5.356567e-02 5.324970e-01 1.486913e+00
5.232590e-01 -3.746418e-03 -8.521654e-01 -9.299609e-01 4.737489e-02 9.985718e-01 2.469975e-02 2.909133e-02 8.508558e-01 -5.329561e-02 5.226892e-01 1.496610e+00
5.127545e-01 -4.391677e-03 -8.585240e-01 -9.454479e-01 4.812156e-02 9.985619e-01 2.363264e-02 2.929806e-02 8.571856e-01 -5.343126e-02 5.122285e-01 1.506351e+00
5.021255e-01 -3.036068e-03 -8.647895e-01 -9.605424e-01 4.851024e-02 9.985182e-01 2.466110e-02 2.946615e-02 8.634331e-01 -5.433411e-02 5.015287e-01 1.515639e+00
4.911605e-01 -1.929067e-03 -8.710670e-01 -9.753798e-01 4.956891e-02 9.984390e-01 2.573882e-02 2.966589e-02 8.696576e-01 -5.581973e-02 4.904894e-01 1.524549e+00
4.803861e-01 -1.430839e-03 -8.770559e-01 -9.908797e-01 5.085837e-02 9.983614e-01 2.622770e-02 2.990476e-02 8.755813e-01 -5.720506e-02 4.796718e-01 1.533532e+00
4.702748e-01 -3.925925e-03 -8.825113e-01 -1.006338e+00 5.395304e-02 9.982475e-01 2.430984e-02 3.012071e-02 8.808693e-01 -5.904647e-02 4.696625e-01 1.542223e+00
4.596090e-01 -5.649360e-03 -8.881034e-01 -1.022095e+00 5.604679e-02 9.981711e-01 2.265568e-02 3.031206e-02 8.863511e-01 -6.018810e-02 4.590851e-01 1.550896e+00
4.492144e-01 -4.868798e-03 -8.934107e-01 -1.037993e+00 5.614771e-02 9.981623e-01 2.279188e-02 3.046926e-02 8.916579e-01 -6.040141e-02 4.486622e-01 1.559474e+00
4.384329e-01 -3.651001e-03 -8.987565e-01 -1.053689e+00 5.661430e-02 9.981180e-01 2.356305e-02 3.062780e-02 8.969791e-01 -6.121328e-02 4.378145e-01 1.567632e+00
4.274679e-01 -2.496992e-03 -9.040271e-01 -1.069839e+00 5.620558e-02 9.981350e-01 2.381980e-02 3.078771e-02 9.022816e-01 -6.099357e-02 4.268110e-01 1.575806e+00
4.166764e-01 -9.129989e-04 -9.090544e-01 -1.086150e+00 5.598599e-02 9.981270e-01 2.465941e-02 3.097352e-02 9.073293e-01 -6.116930e-02 4.159470e-01 1.583824e+00
4.065608e-01 -8.617689e-04 -9.136233e-01 -1.102508e+00 5.580863e-02 9.981556e-01 2.389324e-02 3.114594e-02 9.119176e-01 -6.070212e-02 4.058590e-01 1.591694e+00
3.979527e-01 -3.079626e-03 -9.174008e-01 -1.118758e+00 5.607675e-02 9.982061e-01 2.097425e-02 3.131099e-02 9.156905e-01 -5.979161e-02 3.974115e-01 1.599199e+00
3.900774e-01 -5.798304e-03 -9.207638e-01 -1.135007e+00 5.739813e-02 9.981885e-01 1.803059e-02 3.139154e-02 9.189913e-01 -5.988345e-02 3.897036e-01 1.606447e+00
3.830579e-01 -6.148382e-03 -9.237039e-01 -1.151409e+00 5.817955e-02 9.981530e-01 1.748299e-02 3.137104e-02 9.218904e-01 -6.043767e-02 3.827081e-01 1.613748e+00
3.760466e-01 -4.318516e-03 -9.265907e-01 -1.167877e+00 5.953536e-02 9.980355e-01 1.951027e-02 3.137775e-02 9.246862e-01 -6.250168e-02 3.755650e-01 1.620919e+00
3.692182e-01 -3.019486e-03 -9.293378e-01 -1.184529e+00 6.216351e-02 9.978353e-01 2.145501e-02 3.141533e-02 9.272613e-01 -6.569248e-02 3.686067e-01 1.627983e+00
3.633901e-01 -1.223398e-03 -9.316363e-01 -1.200988e+00 6.338906e-02 9.977142e-01 2.341510e-02 3.149352e-02 9.294781e-01 -6.756436e-02 3.626370e-01 1.634867e+00
3.585365e-01 1.109505e-03 -9.335151e-01 -1.217204e+00 6.498670e-02 9.975436e-01 2.614514e-02 3.162329e-02 9.312510e-01 -7.004004e-02 3.575836e-01 1.641646e+00
3.545525e-01 7.008460e-04 -9.350358e-01 -1.233422e+00 6.554376e-02 9.975212e-01 2.560096e-02 3.173863e-02 9.327361e-01 -7.036265e-02 3.536277e-01 1.648354e+00
3.512294e-01 -2.250878e-03 -9.362867e-01 -1.249762e+00 6.507665e-02 9.976374e-01 2.201384e-02 3.181678e-02 9.340251e-01 -6.866231e-02 3.505460e-01 1.654882e+00
3.487088e-01 -5.383600e-03 -9.372157e-01 -1.266373e+00 6.570814e-02 9.976633e-01 1.871713e-02 3.184636e-02 9.349249e-01 -6.810952e-02 3.482477e-01 1.661588e+00
3.460845e-01 -6.920735e-03 -9.381778e-01 -1.282866e+00 6.639739e-02 9.976461e-01 1.713392e-02 3.183318e-02 9.358509e-01 -6.822235e-02 3.457294e-01 1.668068e+00
3.439325e-01 -8.105164e-03 -9.389594e-01 -1.299725e+00 6.815324e-02 9.975408e-01 1.635308e-02 3.183335e-02 9.365178e-01 -6.961748e-02 3.436391e-01 1.674540e+00
3.414699e-01 -1.012428e-02 -9.398382e-01 -1.316355e+00 6.877128e-02 9.975308e-01 1.424079e-02 3.176736e-02 9.373733e-01 -6.949668e-02 3.413231e-01 1.680965e+00
3.397481e-01 -1.199021e-02 -9.404400e-01 -1.332651e+00 7.106357e-02 9.973876e-01 1.295652e-02 3.168070e-02 9.378279e-01 -7.123297e-02 3.397126e-01 1.687147e+00
3.377472e-01 -1.251020e-02 -9.411537e-01 -1.348601e+00 7.331908e-02 9.972231e-01 1.305615e-02 3.157368e-02 9.383769e-01 -7.341421e-02 3.377265e-01 1.693124e+00
3.359068e-01 -1.352402e-02 -9.417981e-01 -1.364413e+00 7.487637e-02 9.971159e-01 1.238744e-02 3.146317e-02 9.389143e-01 -7.467945e-02 3.359506e-01 1.698958e+00
3.348730e-01 -1.612293e-02 -9.421253e-01 -1.380437e+00 7.782168e-02 9.969109e-01 1.060077e-02 3.137899e-02 9.390441e-01 -7.686768e-02 3.350933e-01 1.704925e+00
3.328114e-01 -1.788535e-02 -9.428238e-01 -1.396812e+00 7.942446e-02 9.967991e-01 9.127124e-03 3.124179e-02 9.396426e-01 -7.792088e-02 3.331667e-01 1.710913e+00
3.312455e-01 -1.807594e-02 -9.433714e-01 -1.412912e+00 8.122263e-02 9.966514e-01 9.422825e-03 3.109589e-02 9.400422e-01 -7.974438e-02 3.316045e-01 1.716891e+00
3.301534e-01 -1.772570e-02 -9.437608e-01 -1.428739e+00 8.311431e-02 9.964862e-01 1.035968e-02 3.093969e-02 9.402610e-01 -8.186031e-02 3.304666e-01 1.722602e+00
3.296526e-01 -1.639209e-02 -9.439600e-01 -1.444700e+00 8.366384e-02 9.964228e-01 1.191423e-02 3.081611e-02 9.403879e-01 -8.290287e-02 3.298448e-01 1.728229e+00
3.291491e-01 -1.522190e-02 -9.441553e-01 -1.460796e+00 8.274607e-02 9.964887e-01 1.278109e-02 3.071087e-02 9.406455e-01 -8.233202e-02 3.292529e-01 1.734048e+00
3.296461e-01 -1.425775e-02 -9.439969e-01 -1.476935e+00 8.037374e-02 9.966798e-01 1.301325e-02 3.060204e-02 9.406772e-01 -8.016233e-02 3.296976e-01 1.739806e+00
3.324851e-01 -1.252033e-02 -9.430254e-01 -1.492772e+00 7.836708e-02 9.968206e-01 1.439555e-02 3.050452e-02 9.398469e-01 -7.868845e-02 3.324092e-01 1.745425e+00
3.358819e-01 -1.137722e-02 -9.418354e-01 -1.508603e+00 7.740081e-02 9.968786e-01 1.556091e-02 3.039201e-02 9.387185e-01 -7.812545e-02 3.357140e-01 1.751010e+00
3.404406e-01 -1.089078e-02 -9.402029e-01 -1.524501e+00 7.678220e-02 9.969154e-01 1.625457e-02 3.031746e-02 9.371258e-01 -7.772456e-02 3.402267e-01 1.756650e+00
3.450869e-01 -1.117812e-02 -9.385042e-01 -1.540474e+00 7.589200e-02 9.969872e-01 1.603071e-02 3.025021e-02 9.354974e-01 -7.675694e-02 3.448955e-01 1.762290e+00
3.507415e-01 -1.144519e-02 -9.364024e-01 -1.556341e+00 7.524505e-02 9.970367e-01 1.599771e-02 3.017766e-02 9.334445e-01 -7.607070e-02 3.505634e-01 1.767933e+00
3.572180e-01 -1.152342e-02 -9.339500e-01 -1.572100e+00 7.493659e-02 9.970541e-01 1.635979e-02 3.011307e-02 9.310101e-01 -7.583103e-02 3.570292e-01 1.773592e+00
3.642959e-01 -1.107343e-02 -9.312174e-01 -1.587960e+00 7.456990e-02 9.970654e-01 1.731558e-02 3.006777e-02 9.282930e-01 -7.574878e-02 3.640526e-01 1.779382e+00
3.723650e-01 -9.554126e-03 -9.280372e-01 -1.603088e+00 7.517254e-02 9.969720e-01 1.989837e-02 3.002850e-02 9.250370e-01 -7.717237e-02 3.719557e-01 1.785287e+00
3.810575e-01 -6.217113e-03 -9.245304e-01 -1.618328e+00 7.429293e-02 9.969496e-01 2.391671e-02 3.003906e-02 9.215616e-01 -7.779971e-02 3.803570e-01 1.791160e+00
3.910024e-01 -3.355545e-03 -9.203835e-01 -1.633844e+00 7.285360e-02 9.969685e-01 2.731531e-02 3.011738e-02 9.175017e-01 -7.773361e-02 3.900616e-01 1.797366e+00
4.021008e-01 -2.135322e-03 -9.155929e-01 -1.649066e+00 6.964247e-02 9.971717e-01 2.825930e-02 3.025822e-02 9.129430e-01 -7.512724e-02 4.011122e-01 1.803600e+00
4.133676e-01 -2.556961e-03 -9.105607e-01 -1.664422e+00 6.698687e-02 9.973718e-01 2.760932e-02 3.040044e-02 9.080969e-01 -7.240840e-02 4.124524e-01 1.810133e+00
4.246071e-01 -3.126214e-03 -9.053723e-01 -1.680054e+00 6.434353e-02 9.975697e-01 2.673166e-02 3.058563e-02 9.030884e-01 -6.960531e-02 4.237763e-01 1.817108e+00
4.364607e-01 -2.703627e-03 -8.997192e-01 -1.696206e+00 6.295026e-02 9.976366e-01 2.753979e-02 3.077011e-02 8.975184e-01 -6.865760e-02 4.355994e-01 1.824660e+00
4.470283e-01 -1.524660e-03 -8.945185e-01 -1.712045e+00 6.147482e-02 9.976866e-01 2.902103e-02 3.092851e-02 8.924049e-01 -6.796359e-02 4.460879e-01 1.832106e+00
4.578955e-01 2.165789e-04 -8.890060e-01 -1.728093e+00 6.024429e-02 9.976937e-01 3.127276e-02 3.115310e-02 8.869624e-01 -6.787719e-02 4.568264e-01 1.840034e+00
4.692776e-01 5.646287e-04 -8.830505e-01 -1.743955e+00 5.934072e-02 9.977192e-01 3.217326e-02 3.137888e-02 8.810546e-01 -6.749904e-02 4.681737e-01 1.848049e+00
4.795261e-01 1.149459e-03 -8.775268e-01 -1.759602e+00 5.755337e-02 9.978049e-01 3.275715e-02 3.159877e-02 8.756382e-01 -6.621253e-02 4.784074e-01 1.856162e+00
4.901157e-01 9.147980e-04 -8.716569e-01 -1.774785e+00 5.483988e-02 9.979860e-01 3.188278e-02 3.183331e-02 8.699306e-01 -6.342781e-02 4.890785e-01 1.864249e+00
4.998546e-01 -1.547797e-03 -8.661080e-01 -1.789987e+00 5.320275e-02 9.981648e-01 2.892096e-02 3.197572e-02 8.644738e-01 -6.053560e-02 4.990196e-01 1.872666e+00
5.104225e-01 -1.306378e-03 -8.599228e-01 -1.805190e+00 5.041738e-02 9.983241e-01 2.840950e-02 3.208806e-02 8.584445e-01 -5.785590e-02 5.096330e-01 1.881529e+00
5.208703e-01 5.083592e-04 -8.536357e-01 -1.820392e+00 4.800286e-02 9.984000e-01 2.988489e-02 3.225707e-02 8.522851e-01 -5.654311e-02 5.200125e-01 1.890644e+00
5.320809e-01 2.490172e-03 -8.466899e-01 -1.835466e+00 4.535326e-02 9.984762e-01 3.143770e-02 3.245269e-02 8.454780e-01 -5.512754e-02 5.311572e-01 1.899927e+00
5.426057e-01 2.675730e-03 -8.399832e-01 -1.850566e+00 4.391534e-02 9.985370e-01 3.154888e-02 3.267504e-02 8.388387e-01 -5.400676e-02 5.416944e-01 1.909443e+00
5.534200e-01 1.741070e-03 -8.329005e-01 -1.865307e+00 4.210376e-02 9.986608e-01 3.006337e-02 3.287838e-02 8.318375e-01 -5.170592e-02 5.526055e-01 1.918954e+00
5.631236e-01 7.627938e-04 -8.263723e-01 -1.880268e+00 4.010029e-02 9.987963e-01 2.824791e-02 3.305599e-02 8.253992e-01 -4.904484e-02 5.624152e-01 1.928800e+00
5.720750e-01 6.942439e-04 -8.202010e-01 -1.895123e+00 3.830002e-02 9.988862e-01 2.755904e-02 3.319814e-02 8.193066e-01 -4.717955e-02 5.714113e-01 1.938878e+00
5.808343e-01 1.620722e-03 -8.140202e-01 -1.909462e+00 3.601006e-02 9.989679e-01 2.768350e-02 3.335208e-02 8.132250e-01 -4.539244e-02 5.801764e-01 1.949054e+00
5.893693e-01 1.757097e-03 -8.078619e-01 -1.923418e+00 3.437446e-02 9.990374e-01 2.725052e-02 3.349169e-02 8.071321e-01 -4.383043e-02 5.887416e-01 1.959198e+00
5.975764e-01 5.275147e-04 -8.018118e-01 -1.936918e+00 3.213552e-02 9.991806e-01 2.460740e-02 3.357204e-02 8.011678e-01 -4.047144e-02 5.970697e-01 1.969315e+00
6.067175e-01 -4.004758e-04 -7.949174e-01 -1.950318e+00 2.954379e-02 9.993203e-01 2.204572e-02 3.360929e-02 7.943683e-01 -3.686040e-02 6.063170e-01 1.979746e+00
6.152296e-01 -3.241666e-04 -7.883479e-01 -1.963618e+00 2.798683e-02 9.993786e-01 2.143009e-02 3.364241e-02 7.878510e-01 -3.524778e-02 6.148563e-01 1.990251e+00
6.237736e-01 -1.156012e-05 -7.816051e-01 -1.976756e+00 2.672511e-02 9.994156e-01 2.131365e-02 3.368858e-02 7.811481e-01 -3.418337e-02 6.234093e-01 2.000867e+00
6.330096e-01 1.144532e-03 -7.741431e-01 -1.989979e+00 2.331099e-02 9.995173e-01 2.053892e-02 3.374218e-02 7.737929e-01 -3.104737e-02 6.326774e-01 2.011895e+00
6.438151e-01 -9.467904e-05 -7.651811e-01 -2.003227e+00 2.155661e-02 9.996053e-01 1.801381e-02 3.376685e-02 7.648774e-01 -2.809227e-02 6.435630e-01 2.023396e+00
6.557303e-01 -1.479832e-03 -7.549938e-01 -2.016257e+00 1.968450e-02 9.996916e-01 1.513701e-02 3.373571e-02 7.547386e-01 -2.478747e-02 6.555572e-01 2.035204e+00
6.680530e-01 -6.236312e-04 -7.441135e-01 -2.029179e+00 1.705760e-02 9.997497e-01 1.447616e-02 3.364963e-02 7.439182e-01 -2.236363e-02 6.678964e-01 2.047127e+00
6.805841e-01 1.323818e-03 -7.326688e-01 -2.041821e+00 1.446369e-02 9.997792e-01 1.524193e-02 3.354956e-02 7.325272e-01 -2.097051e-02 6.804147e-01 2.059069e+00
6.922051e-01 3.451620e-03 -7.216926e-01 -2.054128e+00 1.246743e-02 9.997821e-01 1.673965e-02 3.347448e-02 7.215931e-01 -2.058492e-02 6.920113e-01 2.070795e+00
7.035613e-01 4.500429e-03 -7.106203e-01 -2.066004e+00 9.950774e-03 9.998195e-01 1.618388e-02 3.343813e-02 7.105649e-01 -1.845757e-02 7.033895e-01 2.082465e+00
7.150522e-01 4.453209e-03 -6.990569e-01 -2.077758e+00 7.958453e-03 9.998631e-01 1.450999e-02 3.339586e-02 6.990258e-01 -1.593881e-02 7.149188e-01 2.094224e+00
7.270721e-01 3.390782e-03 -6.865527e-01 -2.089081e+00 6.339357e-03 9.999120e-01 1.165191e-02 3.330746e-02 6.865318e-01 -1.282408e-02 7.269866e-01 2.105887e+00
7.383309e-01 1.955724e-03 -6.744358e-01 -2.100087e+00 5.849287e-03 9.999396e-01 9.303060e-03 3.316863e-02 6.744132e-01 -1.081371e-02 7.382749e-01 2.117619e+00
7.492036e-01 -1.554663e-04 -6.623398e-01 -2.110549e+00 5.805348e-03 9.999631e-01 6.331988e-03 3.297110e-02 6.623143e-01 -8.589061e-03 7.491769e-01 2.129438e+00
7.587629e-01 -2.285191e-03 -6.513629e-01 -2.121031e+00 6.538727e-03 9.999702e-01 4.108647e-03 3.273028e-02 6.513341e-01 -7.376573e-03 7.587552e-01 2.141681e+00
7.677246e-01 -4.828442e-03 -6.407618e-01 -2.131188e+00 8.319345e-03 9.999624e-01 2.432581e-03 3.244687e-02 6.407260e-01 -7.198271e-03 7.677359e-01 2.153909e+00
7.755353e-01 -5.410578e-03 -6.312810e-01 -2.141200e+00 8.589930e-03 9.999611e-01 1.982360e-03 3.219552e-02 6.312458e-01 -6.960050e-03 7.755516e-01 2.166165e+00
7.834340e-01 -4.962501e-03 -6.214552e-01 -2.150987e+00 7.829373e-03 9.999676e-01 1.885023e-03 3.195886e-02 6.214257e-01 -6.342396e-03 7.834474e-01 2.178400e+00
7.915938e-01 -4.355672e-03 -6.110322e-01 -2.160360e+00 6.319076e-03 9.999795e-01 1.058141e-03 3.170848e-02 6.110150e-01 -4.698776e-03 7.916051e-01 2.190648e+00
7.992562e-01 -4.143613e-03 -6.009762e-01 -2.169778e+00 5.606453e-03 9.999841e-01 5.614942e-04 3.143517e-02 6.009643e-01 -3.818122e-03 7.992667e-01 2.203213e+00
8.068049e-01 -4.646855e-03 -5.907997e-01 -2.178764e+00 5.997497e-03 9.999820e-01 3.250488e-04 3.114851e-02 5.907876e-01 -3.805571e-03 8.068182e-01 2.215556e+00
8.134797e-01 -4.798186e-03 -5.815735e-01 -2.187665e+00 6.558253e-03 9.999781e-01 9.232273e-04 3.084708e-02 5.815563e-01 -4.565133e-03 8.134933e-01 2.227984e+00
8.198362e-01 -4.388132e-03 -5.725813e-01 -2.196444e+00 6.129505e-03 9.999806e-01 1.112757e-03 3.054767e-02 5.725653e-01 -4.421919e-03 8.198472e-01 2.240733e+00
8.247441e-01 -3.912890e-03 -5.654926e-01 -2.205060e+00 4.933811e-03 9.999878e-01 2.763784e-04 3.023935e-02 5.654846e-01 -3.017975e-03 8.247533e-01 2.253636e+00
8.299740e-01 -5.152639e-03 -5.577783e-01 -2.213507e+00 4.259069e-03 9.999867e-01 -2.900174e-03 2.991409e-02 5.577859e-01 3.145297e-05 8.299849e-01 2.266776e+00
8.350857e-01 -4.809060e-03 -5.500989e-01 -2.222076e+00 1.261809e-03 9.999759e-01 -6.826456e-03 2.954234e-02 5.501185e-01 5.006556e-03 8.350716e-01 2.280288e+00
8.401880e-01 -4.372259e-03 -5.422776e-01 -2.230487e+00 -7.729554e-04 9.999568e-01 -9.260014e-03 2.912036e-02 5.422947e-01 8.199309e-03 8.401484e-01 2.293690e+00
8.452329e-01 -3.312487e-03 -5.343879e-01 -2.238599e+00 -3.143700e-03 9.999327e-01 -1.117058e-02 2.867120e-02 5.343889e-01 1.112170e-02 8.451655e-01 2.306814e+00
8.503372e-01 -3.170298e-03 -5.262287e-01 -2.246719e+00 -4.447882e-03 9.999028e-01 -1.321134e-02 2.816550e-02 5.262195e-01 1.357470e-02 8.502404e-01 2.320349e+00
8.554038e-01 -4.006594e-03 -5.179462e-01 -2.254874e+00 -4.959095e-03 9.998609e-01 -1.592456e-02 2.760568e-02 5.179380e-01 1.619047e-02 8.552649e-01 2.334218e+00
8.604806e-01 -5.710961e-03 -5.094512e-01 -2.262807e+00 -3.920396e-03 9.998333e-01 -1.782984e-02 2.700697e-02 5.094681e-01 1.733948e-02 8.603148e-01 2.348312e+00
8.656959e-01 -6.332070e-03 -5.005302e-01 -2.270499e+00 -3.560155e-03 9.998168e-01 -1.880590e-02 2.638540e-02 5.005576e-01 1.806216e-02 8.655148e-01 2.362430e+00
8.712113e-01 -6.866788e-03 -4.908602e-01 -2.278085e+00 -2.794067e-03 9.998166e-01 -1.894582e-02 2.576869e-02 4.909003e-01 1.787731e-02 8.710323e-01 2.376634e+00
8.768291e-01 -9.011103e-03 -4.807178e-01 -2.285581e+00 1.366581e-04 9.998290e-01 -1.849263e-02 2.515310e-02 4.808022e-01 1.614918e-02 8.766804e-01 2.390926e+00
8.825714e-01 -9.602111e-03 -4.700804e-01 -2.292905e+00 1.573122e-03 9.998462e-01 -1.746986e-02 2.453357e-02 4.701758e-01 1.467891e-02 8.824507e-01 2.405162e+00
8.885172e-01 -9.137645e-03 -4.587523e-01 -2.299974e+00 2.080151e-03 9.998716e-01 -1.588705e-02 2.392550e-02 4.588386e-01 1.316165e-02 8.884222e-01 2.419152e+00
8.952342e-01 -6.836523e-03 -4.455435e-01 -2.306725e+00 -5.607635e-05 9.998806e-01 -1.545507e-02 2.333950e-02 4.455960e-01 1.386090e-02 8.951269e-01 2.432941e+00
9.026854e-01 -4.058986e-03 -4.302820e-01 -2.313185e+00 -3.518640e-03 9.998524e-01 -1.681365e-02 2.278933e-02 4.302868e-01 1.669144e-02 9.025379e-01 2.446740e+00
9.109278e-01 -2.676165e-03 -4.125572e-01 -2.319418e+00 -6.057939e-03 9.997844e-01 -1.986133e-02 2.221159e-02 4.125214e-01 2.059148e-02 9.107152e-01 2.460697e+00
9.190699e-01 -9.790795e-04 -3.940932e-01 -2.325441e+00 -8.223994e-03 9.997315e-01 -2.166300e-02 2.160401e-02 3.940086e-01 2.315083e-02 9.188151e-01 2.474818e+00
9.270961e-01 -5.468081e-04 -3.748233e-01 -2.331249e+00 -8.599479e-03 9.997047e-01 -2.272855e-02 2.096365e-02 3.747250e-01 2.429484e-02 9.268176e-01 2.488814e+00
9.349800e-01 -7.419535e-04 -3.546998e-01 -2.336871e+00 -8.489172e-03 9.996646e-01 -2.446833e-02 2.030741e-02 3.545990e-01 2.588850e-02 9.346600e-01 2.503153e+00
9.427594e-01 -2.335335e-03 -3.334657e-01 -2.342050e+00 -7.181564e-03 9.996014e-01 -2.730383e-02 1.958626e-02 3.333965e-01 2.813575e-02 9.423668e-01 2.517564e+00
9.504695e-01 -3.275993e-03 -3.108007e-01 -2.346926e+00 -6.532762e-03 9.995130e-01 -3.051341e-02 1.884978e-02 3.107493e-01 3.103245e-02 9.499852e-01 2.532349e+00
9.577400e-01 -5.026198e-03 -2.875913e-01 -2.351338e+00 -5.095858e-03 9.993939e-01 -3.443657e-02 1.808783e-02 2.875901e-01 3.444681e-02 9.571339e-01 2.547083e+00
9.643294e-01 -5.553680e-03 -2.646469e-01 -2.355395e+00 -4.528635e-03 9.992874e-01 -3.747189e-02 1.723528e-02 2.646664e-01 3.733373e-02 9.636171e-01 2.562103e+00
9.699366e-01 -4.632572e-03 -2.433138e-01 -2.359200e+00 -4.648620e-03 9.992837e-01 -3.755693e-02 1.636726e-02 2.433135e-01 3.755891e-02 9.692202e-01 2.576896e+00
9.750147e-01 -5.101386e-03 -2.220818e-01 -2.362692e+00 -3.021011e-03 9.993393e-01 -3.621884e-02 1.547901e-02 2.221199e-01 3.598481e-02 9.743551e-01 2.592056e+00
9.795241e-01 -5.214923e-03 -2.012594e-01 -2.365892e+00 -2.043513e-03 9.993554e-01 -3.584047e-02 1.458553e-02 2.013166e-01 3.551788e-02 9.788821e-01 2.607524e+00
9.833644e-01 -7.644964e-03 -1.814826e-01 -2.368838e+00 7.406716e-04 9.992744e-01 -3.808115e-02 1.366796e-02 1.816421e-01 3.731323e-02 9.826565e-01 2.623013e+00
9.866350e-01 -8.242900e-03 -1.627370e-01 -2.371333e+00 1.765128e-03 9.992017e-01 -3.990968e-02 1.273486e-02 1.629361e-01 3.908904e-02 9.858620e-01 2.638164e+00
9.895533e-01 -8.235151e-03 -1.439323e-01 -2.373503e+00 2.333472e-03 9.991513e-01 -4.112398e-02 1.179449e-02 1.441488e-01 4.035851e-02 9.887327e-01 2.653240e+00
9.921907e-01 -7.062517e-03 -1.245302e-01 -2.375312e+00 1.833521e-03 9.991136e-01 -4.205450e-02 1.085695e-02 1.247168e-01 4.149776e-02 9.913242e-01 2.667993e+00
9.944760e-01 -6.979210e-03 -1.047321e-01 -2.376803e+00 2.473192e-03 9.990680e-01 -4.309259e-02 9.883515e-03 1.049352e-01 4.259552e-02 9.935664e-01 2.682813e+00
9.963563e-01 -4.790800e-03 -8.515372e-02 -2.377927e+00 1.109903e-03 9.990649e-01 -4.322138e-02 8.922558e-03 8.528115e-02 4.296939e-02 9.954299e-01 2.697341e+00
9.978563e-01 -3.810085e-03 -6.533262e-02 -2.378786e+00 1.006224e-03 9.990790e-01 -4.289601e-02 7.958059e-03 6.543589e-02 4.273831e-02 9.969411e-01 2.712036e+00
9.989156e-01 -3.511772e-03 -4.642545e-02 -2.379376e+00 1.573963e-03 9.991285e-01 -4.171108e-02 6.960577e-03 4.653147e-02 4.159278e-02 9.980505e-01 2.727159e+00
9.996056e-01 -1.355536e-03 -2.804953e-02 -2.379691e+00 2.235500e-04 9.991868e-01 -4.032052e-02 5.958918e-03 2.808137e-02 4.029835e-02 9.987930e-01 2.742352e+00
9.999564e-01 -4.641845e-04 -9.325637e-03 -2.379652e+00 9.224170e-05 9.992059e-01 -3.984481e-02 4.950946e-03 9.336726e-03 3.984221e-02 9.991624e-01 2.757710e+00
9.999613e-01 2.841370e-04 8.797108e-03 -2.379380e+00 5.184359e-05 9.992713e-01 -3.816840e-02 3.947253e-03 -8.801543e-03 3.816737e-02 9.992326e-01 2.773325e+00
9.996777e-01 1.116380e-03 2.536324e-02 -2.378921e+00 -2.451387e-04 9.994106e-01 -3.432775e-02 3.042821e-03 -2.538661e-02 3.431046e-02 9.990887e-01 2.788511e+00
9.991572e-01 2.783934e-03 4.095374e-02 -2.378253e+00 -1.591693e-03 9.995748e-01 -2.911575e-02 2.205891e-03 -4.101739e-02 2.902603e-02 9.987367e-01 2.803588e+00
9.982792e-01 4.719875e-03 5.844985e-02 -2.377230e+00 -3.230243e-03 9.996682e-01 -2.555396e-02 1.397094e-03 -5.855107e-02 2.532118e-02 9.979632e-01 2.819026e+00
9.970431e-01 6.782195e-03 7.654404e-02 -2.375882e+00 -5.054689e-03 9.997286e-01 -2.274000e-02 6.397649e-04 -7.667750e-02 2.228585e-02 9.968069e-01 2.834685e+00
9.954757e-01 8.813504e-03 9.460720e-02 -2.374218e+00 -6.849059e-03 9.997546e-01 -2.106889e-02 -7.675825e-05 -9.476967e-02 2.032560e-02 9.952917e-01 2.850273e+00
9.936296e-01 8.597819e-03 1.123664e-01 -2.372163e+00 -6.133805e-03 9.997335e-01 -2.225574e-02 -8.151206e-04 -1.125278e-01 2.142472e-02 9.934176e-01 2.866687e+00
