1.000000e+00 0.000000e+00 0.000000e+00 0.000000e+00 0.000000e+00 1.000000e+00 0.000000e+00 -0.000000e+00 0.000000e+00 0.000000e+00 1.000000e+00 -0.000000e+00
9.999357e-01 -6.886537e-04 1.131575e-02 -3.257265e-04 7.010446e-04 9.999992e-01 -1.091083e-03 -1.753251e-04 -1.131499e-02 1.098946e-03 9.999354e-01 8.454671e-03
9.998418e-01 -1.304907e-03 1.774125e-02 -5.502570e-04 1.322433e-03 9.999986e-01 -9.761956e-04 -3.327152e-04 -1.773995e-02 9.995028e-04 9.998421e-01 1.600482e-02
9.998296e-01 -3.285354e-03 1.816571e-02 -7.131748e-04 3.282980e-03 9.999946e-01 1.604692e-04 -4.874702e-04 -1.816614e-02 -1.008042e-04 9.998350e-01 2.319102e-02
9.998867e-01 -4.238766e-03 1.444145e-02 -6.589633e-04 4.219545e-03 9.999902e-01 1.361181e-03 -6.782700e-04 -1.444708e-02 -1.300091e-03 9.998948e-01 3.030187e-02
9.999558e-01 -6.863422e-03 6.425386e-03 -4.140562e-04 6.847742e-03 9.999735e-01 2.459111e-03 -8.190502e-04 -6.442093e-03 -2.415003e-03 9.999763e-01 3.747999e-02
9.999420e-01 -8.655856e-03 -6.402063e-03 -1.739937e-05 8.683465e-03 9.999531e-01 4.297388e-03 -9.311743e-04 6.364565e-03 -4.352731e-03 9.999703e-01 4.476562e-02
9.996680e-01 -7.740912e-03 -2.457479e-02 4.879816e-04 7.850348e-03 9.999597e-01 4.359798e-03 -1.027872e-03 2.454005e-02 -4.551271e-03 9.996885e-01 5.214573e-02
9.989654e-01 -4.315504e-03 -4.527063e-02 9.504755e-04 4.490940e-03 9.999828e-01 3.774285e-03 -1.144907e-03 4.525356e-02 -3.973688e-03 9.989676e-01 5.985019e-02
9.978891e-01 -6.974338e-04 -6.493697e-02 1.236840e-03 1.020166e-03 9.999873e-01 4.936907e-03 -1.235666e-03 6.493270e-02 -4.992733e-03 9.978772e-01 6.744551e-02
9.963719e-01 -1.198717e-04 -8.510636e-02 1.191386e-03 5.781522e-04 9.999855e-01 5.360171e-03 -1.330008e-03 8.510448e-02 -5.389928e-03 9.963575e-01 7.528132e-02
9.943587e-01 -1.137650e-03 -1.060632e-01 8.784539e-04 1.638949e-03 9.999879e-01 4.639373e-03 -1.394950e-03 1.060566e-01 -4.787033e-03 9.943486e-01 8.328187e-02
9.920772e-01 -1.961412e-03 -1.256143e-01 3.271309e-04 2.468279e-03 9.999894e-01 3.879591e-03 -1.474244e-03 1.256054e-01 -4.158905e-03 9.920716e-01 9.128016e-02
9.897263e-01 -5.638875e-04 -1.429736e-01 -4.812487e-04 9.994246e-04 9.999951e-01 2.974480e-03 -1.623282e-03 1.429712e-01 -3.086813e-03 9.897220e-01 9.963587e-02
9.872064e-01 7.212576e-04 -1.594457e-01 -1.586742e-03 -4.158799e-04 9.999980e-01 1.948606e-03 -1.825234e-03 1.594468e-01 -1.857366e-03 9.872048e-01 1.088504e-01
9.847965e-01 2.071292e-03 -1.736998e-01 -2.953369e-03 -1.803250e-03 9.999969e-01 1.700927e-03 -2.037631e-03 1.737028e-01 -1.361843e-03 9.847972e-01 1.181872e-01
9.824029e-01 1.480589e-03 -1.867680e-01 -4.683883e-03 -1.036875e-03 9.999964e-01 2.473413e-03 -2.226055e-03 1.867710e-01 -2.236233e-03 9.824009e-01 1.280686e-01
9.802858e-01 -7.301715e-04 -1.975832e-01 -6.836269e-03 1.620356e-03 9.999893e-01 4.343731e-03 -2.417460e-03 1.975779e-01 -4.578253e-03 9.802765e-01 1.384592e-01
9.782876e-01 1.312019e-03 -2.072478e-01 -9.062473e-03 -1.383300e-04 9.999839e-01 5.677606e-03 -2.609873e-03 2.072519e-01 -5.525663e-03 9.782720e-01 1.491708e-01
9.763054e-01 3.068930e-03 -2.163756e-01 -1.146210e-02 -1.612124e-03 9.999748e-01 6.908944e-03 -2.753966e-03 2.163913e-01 -6.396415e-03 9.762858e-01 1.601820e-01
9.740414e-01 3.293449e-03 -2.263460e-01 -1.406889e-02 -1.244608e-03 9.999570e-01 9.193921e-03 -2.873707e-03 2.263665e-01 -8.673547e-03 9.740036e-01 1.715987e-01
9.714892e-01 1.339341e-03 -2.370801e-01 -1.724710e-02 1.321323e-03 9.999379e-01 1.106338e-02 -3.003065e-03 2.370802e-01 -1.106122e-02 9.714271e-01 1.848986e-01
9.690805e-01 -4.123857e-03 -2.467103e-01 -2.040938e-02 7.358722e-03 9.998986e-01 1.219145e-02 -3.085712e-03 2.466350e-01 -1.362997e-02 9.690126e-01 1.966098e-01
9.663517e-01 -4.023717e-03 -2.571928e-01 -2.361802e-02 7.885045e-03 9.998711e-01 1.398378e-02 -3.170413e-03 2.571034e-01 -1.554123e-02 9.662589e-01 2.085854e-01
9.632352e-01 1.823386e-03 -2.686534e-01 -2.701476e-02 3.052634e-03 9.998381e-01 1.773101e-02 -3.227168e-03 2.686422e-01 -1.789923e-02 9.630737e-01 2.213724e-01
9.600527e-01 6.721278e-03 -2.797384e-01 -3.067423e-02 -1.136298e-03 9.997969e-01 2.012240e-02 -3.261520e-03 2.798168e-01 -1.900069e-02 9.598654e-01 2.344552e-01
9.561562e-01 7.308038e-03 -2.927661e-01 -3.418204e-02 -8.808325e-04 9.997558e-01 2.207920e-02 -3.210013e-03 2.928559e-01 -2.085329e-02 9.559292e-01 2.484211e-01
9.528263e-01 6.990279e-03 -3.034355e-01 -3.822519e-02 4.121540e-04 9.997040e-01 2.432452e-02 -3.118830e-03 3.035157e-01 -2.330210e-02 9.525415e-01 2.617227e-01
9.495853e-01 9.270940e-03 -3.133717e-01 -4.254947e-02 -1.049053e-03 9.996510e-01 2.639530e-02 -3.007964e-03 3.135070e-01 -2.473585e-02 9.492637e-01 2.750319e-01
9.461668e-01 1.254553e-02 -3.234362e-01 -4.732294e-02 -3.203050e-03 9.995626e-01 2.940124e-02 -2.849441e-03 3.236636e-01 -2.678249e-02 9.457931e-01 2.888922e-01
9.428444e-01 1.427946e-02 -3.329272e-01 -5.226235e-02 -2.985508e-03 9.994033e-01 3.441014e-02 -2.605359e-03 3.332199e-01 -3.144945e-02 9.423245e-01 3.027944e-01
9.402660e-01 1.827086e-02 -3.399502e-01 -5.704683e-02 -4.166385e-03 9.991016e-01 4.217364e-02 -2.223519e-03 3.404153e-01 -3.823808e-02 9.394973e-01 3.167368e-01
9.380608e-01 2.294390e-02 -3.457100e-01 -6.189546e-02 -5.863441e-03 9.987133e-01 5.037203e-02 -1.715508e-03 3.464209e-01 -4.522498e-02 9.369884e-01 3.306759e-01
9.355623e-01 2.865171e-02 -3.519976e-01 -6.662772e-02 -8.324026e-03 9.982157e-01 5.912809e-02 -1.104520e-03 3.530637e-01 -5.238797e-02 9.341314e-01 3.443142e-01
9.330926e-01 3.581671e-02 -3.578482e-01 -7.165429e-02 -1.240641e-02 9.976419e-01 6.750327e-02 -3.817065e-04 3.594221e-01 -5.854720e-02 9.313367e-01 3.582267e-01
9.305036e-01 4.273984e-02 -3.637806e-01 -7.674857e-02 -1.652226e-02 9.970556e-01 7.488022e-02 5.359698e-04 3.659099e-01 -6.366584e-02 9.284700e-01 3.721789e-01
9.278619e-01 4.980982e-02 -3.695825e-01 -8.193054e-02 -2.123734e-02 9.964893e-01 8.098230e-02 1.488349e-03 3.723187e-01 -6.729145e-02 9.256623e-01 3.859846e-01
9.251805e-01 5.581248e-02 -3.754012e-01 -8.706692e-02 -2.485249e-02 9.959142e-01 8.681752e-02 2.545217e-03 3.787129e-01 -7.099222e-02 9.227874e-01 3.994351e-01
9.225440e-01 6.176347e-02 -3.809172e-01 -9.211935e-02 -2.858261e-02 9.953336e-01 9.216319e-02 3.662637e-03 3.848320e-01 -7.413698e-02 9.200044e-01 4.124825e-01
9.198432e-01 6.559927e-02 -3.867625e-01 -9.737853e-02 -3.107095e-02 9.950049e-01 9.486750e-02 4.810905e-03 3.910538e-01 -7.524614e-02 9.172867e-01 4.257844e-01
9.170146e-01 6.706333e-02 -3.931752e-01 -1.026359e-01 -3.157484e-02 9.948754e-01 9.605152e-02 5.961066e-03 3.976019e-01 -7.566620e-02 9.144328e-01 4.388016e-01
9.138546e-01 6.591534e-02 -4.006556e-01 -1.081127e-01 -3.014628e-02 9.950264e-01 9.493988e-02 7.093228e-03 4.049209e-01 -7.468297e-02 9.112966e-01 4.517896e-01
9.104489e-01 6.411821e-02 -4.086217e-01 -1.137379e-01 -2.835456e-02 9.952629e-01 9.299335e-02 8.179684e-03 4.126486e-01 -7.307940e-02 9.079540e-01 4.646570e-01
9.070243e-01 6.216701e-02 -4.164639e-01 -1.195083e-01 -2.649751e-02 9.955080e-01 9.089353e-02 9.224404e-03 4.202438e-01 -7.140738e-02 9.045972e-01 4.775933e-01
9.029200e-01 6.050358e-02 -4.255288e-01 -1.252627e-01 -2.531807e-02 9.958104e-01 8.786693e-02 1.018065e-02 4.290623e-01 -6.856324e-02 9.006690e-01 4.901975e-01
8.984740e-01 5.757488e-02 -4.352352e-01 -1.312048e-01 -2.403242e-02 9.963271e-01 8.218753e-02 1.108467e-02 4.383685e-01 -6.338360e-02 8.965576e-01 5.028978e-01
8.936378e-01 5.569724e-02 -4.453194e-01 -1.374500e-01 -2.386302e-02 9.967624e-01 7.678090e-02 1.192500e-02 4.481541e-01 -5.798765e-02 8.920736e-01 5.158800e-01
8.883984e-01 5.545533e-02 -4.557115e-01 -1.439953e-01 -2.487914e-02 9.970342e-01 7.282739e-02 1.273053e-02 4.583986e-01 -5.336202e-02 8.871433e-01 5.292151e-01
8.833724e-01 5.511171e-02 -4.654201e-01 -1.505505e-01 -2.445981e-02 9.971300e-01 7.164800e-02 1.355393e-02 4.680330e-01 -5.190777e-02 8.821852e-01 5.421726e-01
8.782578e-01 5.444955e-02 -4.750774e-01 -1.573447e-01 -2.322908e-02 9.971811e-01 7.134616e-02 1.439594e-02 4.776230e-01 -5.162471e-02 8.770468e-01 5.552283e-01
8.731607e-01 5.345757e-02 -4.844923e-01 -1.641407e-01 -2.209462e-02 9.972869e-01 7.021863e-02 1.518686e-02 4.869315e-01 -5.060747e-02 8.719728e-01 5.680885e-01
8.677072e-01 5.247204e-02 -4.942985e-01 -1.711271e-01 -2.122900e-02 9.974174e-01 6.861435e-02 1.598668e-02 4.966222e-01 -4.904370e-02 8.665801e-01 5.809056e-01
8.627094e-01 4.899390e-02 -5.033210e-01 -1.784364e-01 -1.802994e-02 9.976429e-01 6.620788e-02 1.675028e-02 5.053784e-01 -4.804332e-02 8.615593e-01 5.937539e-01
8.578410e-01 4.664423e-02 -5.117940e-01 -1.855991e-01 -1.712988e-02 9.979144e-01 6.223645e-02 1.742254e-02 5.136295e-01 -4.462201e-02 8.568510e-01 6.063292e-01
8.528237e-01 4.327948e-02 -5.204023e-01 -1.932026e-01 -1.618561e-02 9.982716e-01 5.649707e-02 1.802262e-02 5.219480e-01 -3.975902e-02 8.520502e-01 6.191330e-01
8.481184e-01 4.026104e-02 -5.282747e-01 -2.009509e-01 -1.453000e-02 9.985009e-01 5.277090e-02 1.856867e-02 5.296074e-01 -3.708014e-02 8.474320e-01 6.319175e-01
8.439437e-01 3.755791e-02 -5.351153e-01 -2.085531e-01 -1.212336e-02 9.986266e-01 5.097012e-02 1.909177e-02 5.362947e-01 -3.652852e-02 8.432400e-01 6.444189e-01
8.397617e-01 3.631243e-02 -5.417396e-01 -2.161869e-01 -1.076964e-02 9.986788e-01 5.024653e-02 1.960739e-02 5.428484e-01 -3.636077e-02 8.390432e-01 6.568868e-01
8.356100e-01 3.496563e-02 -5.482092e-01 -2.241239e-01 -1.004241e-02 9.987777e-01 4.839641e-02 2.007951e-02 5.492314e-01 -3.493518e-02 8.349398e-01 6.695556e-01
8.318078e-01 3.267314e-02 -5.541012e-01 -2.323655e-01 -7.696659e-03 9.988490e-01 4.734404e-02 2.054148e-02 5.550104e-01 -3.511641e-02 8.311019e-01 6.823289e-01
8.285392e-01 3.139445e-02 -5.590502e-01 -2.406131e-01 -5.934296e-03 9.988632e-01 4.729800e-02 2.103455e-02 5.598996e-01 -3.587068e-02 8.277836e-01 6.951627e-01
8.249027e-01 3.068390e-02 -5.644414e-01 -2.489601e-01 -4.685833e-03 9.988625e-01 4.745159e-02 2.150842e-02 5.652553e-01 -3.649807e-02 8.241082e-01 7.079203e-01
8.220706e-01 3.045229e-02 -5.685707e-01 -2.573879e-01 -4.374595e-03 9.988771e-01 4.717420e-02 2.196492e-02 5.693688e-01 -3.629325e-02 8.212807e-01 7.206845e-01
8.211018e-01 2.806521e-02 -5.700914e-01 -2.658592e-01 -2.577431e-03 9.989626e-01 4.546598e-02 2.237134e-02 5.707760e-01 -3.586283e-02 8.203223e-01 7.332098e-01
8.208405e-01 2.619652e-02 -5.705564e-01 -2.742626e-01 -1.910325e-03 9.990679e-01 4.312288e-02 2.273035e-02 5.711542e-01 -3.430706e-02 8.201255e-01 7.456899e-01
8.203331e-01 2.380674e-02 -5.713902e-01 -2.829445e-01 2.807236e-04 9.991163e-01 4.203079e-02 2.309970e-02 5.718859e-01 -3.463966e-02 8.196015e-01 7.583551e-01
8.194228e-01 2.283880e-02 -5.727344e-01 -2.914490e-01 1.595765e-03 9.991111e-01 4.212442e-02 2.345279e-02 5.731873e-01 -3.543166e-02 8.186580e-01 7.707919e-01
8.177777e-01 2.130389e-02 -5.751398e-01 -3.002360e-01 3.506452e-03 9.991117e-01 4.199408e-02 2.382767e-02 5.755236e-01 -3.635852e-02 8.169765e-01 7.835148e-01
8.151246e-01 1.860144e-02 -5.789870e-01 -3.094435e-01 5.287333e-03 9.992038e-01 3.954573e-02 2.421146e-02 5.792616e-01 -3.529599e-02 8.143772e-01 7.967356e-01
8.122317e-01 1.440109e-02 -5.831571e-01 -3.187653e-01 7.706002e-03 9.993431e-01 3.541188e-02 2.454405e-02 5.832840e-01 -3.325646e-02 8.115872e-01 8.099531e-01
8.086445e-01 1.019807e-02 -5.882093e-01 -3.282529e-01 9.943605e-03 9.994700e-01 3.099833e-02 2.476922e-02 5.882136e-01 -3.091554e-02 8.081145e-01 8.231942e-01
8.032103e-01 7.246490e-03 -5.956514e-01 -3.376621e-01 1.219082e-02 9.995166e-01 2.859858e-02 2.495530e-02 5.955708e-01 -3.023215e-02 8.027338e-01 8.360866e-01
7.964506e-01 6.816634e-03 -6.046652e-01 -3.470747e-01 1.507846e-02 9.994017e-01 3.112765e-02 2.523156e-02 6.045156e-01 -3.390905e-02 7.958713e-01 8.487441e-01
7.889477e-01 8.263283e-03 -6.144047e-01 -3.563734e-01 1.651374e-02 9.992633e-01 3.464438e-02 2.552721e-02 6.142384e-01 -3.747873e-02 7.882300e-01 8.610302e-01
7.813332e-01 7.730184e-03 -6.240662e-01 -3.658362e-01 1.731068e-02 9.992702e-01 3.405080e-02 2.583949e-02 6.238740e-01 -3.740804e-02 7.806292e-01 8.733514e-01
7.736192e-01 5.501304e-03 -6.336269e-01 -3.755074e-01 1.633259e-02 9.994570e-01 2.861861e-02 2.605782e-02 6.334402e-01 -3.248868e-02 7.731093e-01 8.855814e-01
7.665541e-01 4.399387e-03 -6.421647e-01 -3.855881e-01 1.432249e-02 9.996107e-01 2.394500e-02 2.616330e-02 6.420200e-01 -2.755254e-02 7.661926e-01 8.979833e-01
7.607687e-01 5.868210e-03 -6.489966e-01 -3.958515e-01 1.391497e-02 9.995818e-01 2.534964e-02 2.628765e-02 6.488740e-01 -2.831598e-02 7.603688e-01 9.102594e-01
7.561883e-01 9.127616e-03 -6.542904e-01 -4.061962e-01 1.345786e-02 9.994743e-01 2.949684e-02 2.649198e-02 6.542157e-01 -3.111051e-02 7.556679e-01 9.225415e-01
7.520388e-01 1.533628e-02 -6.589404e-01 -4.164641e-01 1.122331e-02 9.992864e-01 3.606653e-02 2.672483e-02 6.590233e-01 -3.451893e-02 7.513300e-01 9.347154e-01
7.475581e-01 1.620830e-02 -6.639986e-01 -4.266221e-01 1.139354e-02 9.992422e-01 3.721898e-02 2.703761e-02 6.640987e-01 -3.538865e-02 7.468069e-01 9.464441e-01
7.430960e-01 1.248932e-02 -6.690683e-01 -4.373532e-01 1.297608e-02 9.993689e-01 3.306674e-02 2.731424e-02 6.690590e-01 -3.325364e-02 7.424650e-01 9.587014e-01
7.390183e-01 8.102464e-03 -6.736366e-01 -4.483447e-01 1.443153e-02 9.995078e-01 2.785424e-02 2.750505e-02 6.735308e-01 -3.030640e-02 7.385376e-01 9.711641e-01
7.349594e-01 5.631395e-03 -6.780878e-01 -4.591485e-01 1.517502e-02 9.995785e-01 2.474907e-02 2.763543e-02 6.779413e-01 -2.847956e-02 7.345641e-01 9.832512e-01
7.313708e-01 6.621694e-03 -6.819479e-01 -4.700640e-01 1.463854e-02 9.995701e-01 2.540523e-02 2.778497e-02 6.818229e-01 -2.856337e-02 7.309594e-01 9.954341e-01
7.270521e-01 8.278875e-03 -6.865323e-01 -4.807795e-01 1.452217e-02 9.995182e-01 2.743244e-02 2.796332e-02 6.864286e-01 -2.991475e-02 7.265816e-01 1.007255e+00
7.219856e-01 9.697351e-03 -6.918401e-01 -4.915125e-01 1.555192e-02 9.994217e-01 3.023822e-02 2.818291e-02 6.917332e-01 -3.259100e-02 7.214173e-01 1.018840e+00
7.165601e-01 9.863811e-03 -6.974556e-01 -5.022835e-01 1.613506e-02 9.993981e-01 3.071107e-02 2.840427e-02 6.973387e-01 -3.325981e-02 7.159696e-01 1.030260e+00
7.109977e-01 8.644538e-03 -7.031412e-01 -5.132529e-01 1.726711e-02 9.994083e-01 2.974694e-02 2.860086e-02 7.029823e-01 -3.329122e-02 7.104277e-01 1.041568e+00
7.050973e-01 8.138267e-03 -7.090639e-01 -5.243614e-01 1.749994e-02 9.994299e-01 2.887298e-02 2.876277e-02 7.088946e-01 -3.276684e-02 7.045529e-01 1.052964e+00
6.987082e-01 8.607709e-03 -7.153550e-01 -5.355193e-01 1.832796e-02 9.993840e-01 2.992682e-02 2.897071e-02 7.151720e-01 -3.402111e-02 6.981200e-01 1.064570e+00
6.924917e-01 9.337368e-03 -7.213654e-01 -5.468781e-01 1.878467e-02 9.993438e-01 3.096831e-02 2.918712e-02 7.211813e-01 -3.499591e-02 6.918619e-01 1.076023e+00
6.861140e-01 9.657989e-03 -7.274299e-01 -5.583935e-01 1.962317e-02 9.993024e-01 3.177623e-02 2.938520e-02 7.272294e-01 -3.607660e-02 6.854458e-01 1.087334e+00
6.799769e-01 1.062265e-02 -7.331566e-01 -5.700500e-01 1.974528e-02 9.992672e-01 3.279135e-02 2.960455e-02 7.329677e-01 -3.677375e-02 6.792688e-01 1.098662e+00
6.731921e-01 1.160369e-02 -7.393766e-01 -5.816935e-01 2.010787e-02 9.992199e-01 3.398958e-02 2.990217e-02 7.391942e-01 -3.774880e-02 6.724337e-01 1.109846e+00
6.662953e-01 1.143266e-02 -7.456003e-01 -5.934046e-01 2.106563e-02 9.991948e-01 3.414616e-02 3.019188e-02 7.453904e-01 -3.845797e-02 6.655180e-01 1.120904e+00
6.590019e-01 1.008401e-02 -7.520737e-01 -6.052992e-01 2.164064e-02 9.992419e-01 3.236063e-02 3.044367e-02 7.518299e-01 -3.760107e-02 6.582841e-01 1.131800e+00
6.512174e-01 9.232115e-03 -7.588351e-01 -6.173601e-01 2.272258e-02 9.992405e-01 3.165700e-02 3.070327e-02 7.585510e-01 -3.785828e-02 6.505130e-01 1.142594e+00
6.441118e-01 8.879266e-03 -7.648798e-01 -6.294519e-01 2.450737e-02 9.991797e-01 3.223705e-02 3.096990e-02 7.645386e-01 -3.950945e-02 6.433659e-01 1.153189e+00
6.364985e-01 1.008542e-02 -7.712120e-01 -6.414863e-01 2.489625e-02 9.991248e-01 3.361335e-02 3.125002e-02 7.708760e-01 -4.059513e-02 6.356904e-01 1.163616e+00
6.294653e-01 9.974147e-03 -7.769646e-01 -6.538478e-01 2.471021e-02 9.991549e-01 3.284569e-02 3.151077e-02 7.766356e-01 -3.987418e-02 6.286869e-01 1.173959e+00
6.226649e-01 8.956608e-03 -7.824374e-01 -6.661722e-01 2.484759e-02 9.992039e-01 3.121170e-02 3.174486e-02 7.820940e-01 -3.887611e-02 6.219466e-01 1.184311e+00
6.168885e-01 9.272782e-03 -7.869959e-01 -6.789809e-01 2.394862e-02 9.992464e-01 3.054581e-02 3.194820e-02 7.866861e-01 -3.769083e-02 6.162016e-01 1.194764e+00
6.112391e-01 9.522083e-03 -7.913887e-01 -6.919173e-01 2.475723e-02 9.992082e-01 3.114416e-02 3.217199e-02 7.910586e-01 -3.862912e-02 6.105195e-01 1.205052e+00
6.058293e-01 1.133954e-02 -7.955138e-01 -7.052476e-01 2.505933e-02 9.991303e-01 3.332607e-02 3.247246e-02 7.951999e-01 -4.012495e-02 6.050183e-01 1.215747e+00
6.005083e-01 1.272017e-02 -7.995174e-01 -7.186027e-01 2.615706e-02 9.990259e-01 3.554057e-02 3.281553e-02 7.991906e-01 -4.225543e-02 5.995906e-01 1.226258e+00
5.947890e-01 1.271438e-02 -8.037813e-01 -7.320835e-01 2.722265e-02 9.989829e-01 3.594657e-02 3.317089e-02 8.034208e-01 -4.326168e-02 5.938379e-01 1.236599e+00
5.890689e-01 1.100415e-02 -8.080079e-01 -7.455742e-01 2.808785e-02 9.990242e-01 3.408270e-02 3.347611e-02 8.075945e-01 -4.277226e-02 5.881850e-01 1.246724e+00
5.831314e-01 9.197855e-03 -8.123258e-01 -7.591925e-01 2.983135e-02 9.990191e-01 3.272632e-02 3.376053e-02 8.118299e-01 -4.331652e-02 5.822850e-01 1.256729e+00
5.772775e-01 8.467842e-03 -8.165041e-01 -7.728616e-01 3.151677e-02 9.989700e-01 3.264287e-02 3.402353e-02 8.159396e-01 -4.457757e-02 5.764160e-01 1.266581e+00
5.714396e-01 7.464429e-03 -8.206102e-01 -7.861784e-01 3.330655e-02 9.989238e-01 3.227973e-02 3.429541e-02 8.199680e-01 -4.577761e-02 5.705760e-01 1.276057e+00
5.657208e-01 6.117796e-03 -8.245742e-01 -7.996211e-01 3.475438e-02 9.989070e-01 3.125539e-02 3.455107e-02 8.238641e-01 -4.633939e-02 5.648899e-01 1.285474e+00
5.604733e-01 5.489380e-03 -8.281543e-01 -8.131009e-01 3.606673e-02 9.988675e-01 3.102997e-02 3.481330e-02 8.273868e-01 -4.726029e-02 5.596406e-01 1.294918e+00
5.554167e-01 4.878613e-03 -8.315579e-01 -8.268675e-01 3.889745e-02 9.987358e-01 3.183992e-02 3.507685e-02 8.306620e-01 -5.002990e-02 5.545247e-01 1.304379e+00
5.505919e-01 6.097243e-03 -8.347523e-01 -8.404095e-01 4.136225e-02 9.985458e-01 3.457564e-02 3.534594e-02 8.337492e-01 -5.356429e-02 5.495390e-01 1.313694e+00
5.449767e-01 6.084222e-03 -8.384291e-01 -8.545616e-01 4.479717e-02 9.983341e-01 3.636265e-02 3.567623e-02 8.372536e-01 -5.737604e-02 5.437963e-01 1.323228e+00
5.375385e-01 3.921739e-03 -8.432301e-01 -8.686946e-01 4.994514e-02 9.980855e-01 3.648075e-02 3.596923e-02 8.417588e-01 -6.172505e-02 5.363135e-01 1.332416e+00
5.278835e-01 2.897998e-03 -8.493118e-01 -8.830637e-01 5.378965e-02 9.978726e-01 3.683748e-02 3.626588e-02 8.476118e-01 -6.513009e-02 5.266046e-01 1.341552e+00
5.168544e-01 8.109346e-04 -8.560729e-01 -8.975464e-01 5.672341e-02 9.977695e-01 3.519194e-02 3.659798e-02 8.541920e-01 -6.674849e-02 5.156556e-01 1.350600e+00
5.056401e-01 -1.880395e-03 -8.627425e-01 -9.120108e-01 5.835005e-02 9.977824e-01 3.202335e-02 3.686261e-02 8.607690e-01 -6.653335e-02 5.046285e-01 1.359390e+00
4.947761e-01 -1.638988e-03 -8.690190e-01 -9.266443e-01 5.831593e-02 9.978067e-01 3.132030e-02 3.711945e-02 8.670616e-01 -6.617419e-02 4.937865e-01 1.368140e+00
4.836721e-01 2.774035e-04 -8.752492e-01 -9.414450e-01 5.839954e-02 9.977612e-01 3.258844e-02 3.737293e-02 8.732988e-01 -6.687627e-02 4.825731e-01 1.376650e+00
4.721732e-01 1.842587e-03 -8.815039e-01 -9.558977e-01 5.931615e-02 9.976649e-01 3.385780e-02 3.767180e-02 8.795079e-01 -6.827416e-02 4.709613e-01 1.384823e+00
4.619661e-01 2.838263e-03 -8.868931e-01 -9.701821e-01 6.042698e-02 9.975704e-01 3.466774e-02 3.798376e-02 8.848367e-01 -6.960759e-02 4.606722e-01 1.392671e+00
4.512012e-01 8.758383e-04 -8.924218e-01 -9.848698e-01 6.321013e-02 9.974566e-01 3.293745e-02 3.827552e-02 8.901808e-01 -7.127151e-02 4.499983e-01 1.400483e+00
4.402517e-01 -5.006346e-04 -8.978743e-01 -1.000046e+00 6.453300e-02 9.974313e-01 3.108610e-02 3.853857e-02 8.955523e-01 -7.162822e-02 4.391531e-01 1.408416e+00
4.294717e-01 -3.838024e-04 -9.030802e-01 -1.015413e+00 6.484885e-02 9.974315e-01 3.041582e-02 3.877625e-02 9.007490e-01 -7.162644e-02 4.283935e-01 1.416220e+00
4.188095e-01 8.998426e-04 -9.080737e-01 -1.030929e+00 6.466775e-02 9.974310e-01 3.081358e-02 3.904091e-02 9.057686e-01 -7.162810e-02 4.176754e-01 1.423914e+00
4.076470e-01 2.099402e-03 -9.131372e-01 -1.046714e+00 6.400154e-02 9.974724e-01 3.086516e-02 3.929742e-02 9.108939e-01 -7.102428e-02 4.064822e-01 1.431523e+00
3.971721e-01 3.236588e-03 -9.177385e-01 -1.062244e+00 6.394460e-02 9.974659e-01 3.119123e-02 3.952808e-02 9.155138e-01 -7.107270e-02 3.959586e-01 1.438789e+00
3.869266e-01 3.109158e-03 -9.221053e-01 -1.077638e+00 6.406658e-02 9.974872e-01 3.024645e-02 3.973908e-02 9.198822e-01 -7.077928e-02 3.857551e-01 1.445796e+00
3.780784e-01 8.656274e-04 -9.257732e-01 -1.092959e+00 6.344108e-02 9.976246e-01 2.684164e-02 3.990630e-02 9.235973e-01 -6.888029e-02 3.771254e-01 1.452519e+00
3.696724e-01 -2.059453e-03 -9.291599e-01 -1.108644e+00 6.436635e-02 9.976520e-01 2.339731e-02 4.004209e-02 9.269300e-01 -6.845597e-02 3.689370e-01 1.459217e+00
3.614620e-01 -2.436203e-03 -9.323837e-01 -1.124704e+00 6.530728e-02 9.976067e-01 2.271139e-02 4.012403e-02 9.300969e-01 -6.910074e-02 3.607560e-01 1.465838e+00
3.545664e-01 -5.810800e-04 -9.350306e-01 -1.140619e+00 6.617796e-02 9.975076e-01 2.447497e-02 4.019767e-02 9.326860e-01 -7.055642e-02 3.537212e-01 1.472276e+00
3.482254e-01 1.085529e-03 -9.374102e-01 -1.156442e+00 6.848778e-02 9.972974e-01 2.659645e-02 4.033379e-02 9.349056e-01 -7.346271e-02 3.472099e-01 1.478493e+00
3.424901e-01 2.723632e-03 -9.395175e-01 -1.172219e+00 7.020694e-02 9.971257e-01 2.848375e-02 4.050062e-02 9.368946e-01 -7.571605e-02 3.413144e-01 1.484631e+00
3.377175e-01 4.780854e-03 -9.412354e-01 -1.187860e+00 7.174161e-02 9.969474e-01 3.080490e-02 4.068905e-02 9.385095e-01 -7.792909e-02 3.363436e-01 1.490659e+00
3.333269e-01 4.405467e-03 -9.428010e-01 -1.203890e+00 7.237747e-02 9.969186e-01 3.024737e-02 4.090590e-02 9.400291e-01 -7.831982e-02 3.319809e-01 1.496684e+00
3.295595e-01 8.119279e-04 -9.441345e-01 -1.219948e+00 7.325825e-02 9.969628e-01 2.642888e-02 4.108157e-02 9.412884e-01 -7.787553e-02 3.284991e-01 1.502565e+00
3.264106e-01 -3.116453e-03 -9.452229e-01 -1.236161e+00 7.539510e-02 9.968942e-01 2.274911e-02 4.121263e-02 9.422164e-01 -7.869073e-02 3.256318e-01 1.508499e+00
3.233073e-01 -5.441696e-03 -9.462784e-01 -1.252529e+00 7.765652e-02 9.967632e-01 2.080026e-02 4.127195e-02 9.431022e-01 -8.020956e-02 3.226834e-01 1.514442e+00
3.207370e-01 -7.288525e-03 -9.471402e-01 -1.268930e+00 7.982340e-02 9.966210e-01 1.936189e-02 4.129557e-02 9.437987e-01 -8.181402e-02 3.202351e-01 1.520332e+00
3.184085e-01 -9.872165e-03 -9.479022e-01 -1.285194e+00 8.186898e-02 9.964960e-01 1.712224e-02 4.128648e-02 9.444117e-01 -8.305565e-02 3.181011e-01 1.526039e+00
3.168912e-01 -1.243876e-02 -9.483803e-01 -1.301250e+00 8.455008e-02 9.963035e-01 1.518420e-02 4.121525e-02 9.446858e-01 -8.499737e-02 3.167715e-01 1.531722e+00
3.152028e-01 -1.347751e-02 -9.489287e-01 -1.316997e+00 8.701511e-02 9.960977e-01 1.475610e-02 4.112485e-02 9.450268e-01 -8.722229e-02 3.151455e-01 1.537157e+00
3.134747e-01 -1.487847e-02 -9.494800e-01 -1.332300e+00 8.872728e-02 9.959619e-01 1.368684e-02 4.103488e-02 9.454423e-01 -8.853525e-02 3.135290e-01 1.542484e+00
3.125016e-01 -1.819504e-02 -9.497430e-01 -1.347972e+00 9.161416e-02 9.957331e-01 1.106843e-02 4.093641e-02 9.454891e-01 -9.046880e-02 3.128351e-01 1.547993e+00
3.109430e-01 -2.059564e-02 -9.502054e-01 -1.363791e+00 9.335420e-02 9.955926e-01 8.969603e-03 4.079043e-02 9.458327e-01 -9.149470e-02 3.114952e-01 1.553393e+00
3.101518e-01 -2.090817e-02 -9.504571e-01 -1.379511e+00 9.490777e-02 9.954447e-01 9.072356e-03 4.060539e-02 9.459378e-01 -9.301957e-02 3.107233e-01 1.558791e+00
3.095588e-01 -2.108138e-02 -9.506466e-01 -1.395273e+00 9.634563e-02 9.953045e-01 9.301298e-03 4.043592e-02 9.459867e-01 -9.446994e-02 3.101364e-01 1.564189e+00
3.097976e-01 -2.019017e-02 -9.505881e-01 -1.411222e+00 9.617349e-02 9.953123e-01 1.020294e-02 4.028096e-02 9.459261e-01 -9.458222e-02 3.102871e-01 1.569639e+00
3.105175e-01 -1.900998e-02 -9.503775e-01 -1.427591e+00 9.499398e-02 9.954157e-01 1.112659e-02 4.013024e-02 9.458092e-01 -9.373514e-02 3.108998e-01 1.575122e+00
3.123731e-01 -1.790578e-02 -9.497907e-01 -1.443647e+00 9.295412e-02 9.956004e-01 1.180193e-02 3.996891e-02 9.454007e-01 -9.197356e-02 3.126632e-01 1.580350e+00
3.158302e-01 -1.654995e-02 -9.486714e-01 -1.459597e+00 9.140555e-02 9.957281e-01 1.305972e-02 3.983381e-02 9.444026e-01 -9.083848e-02 3.159938e-01 1.585532e+00
3.192896e-01 -1.538375e-02 -9.475323e-01 -1.475709e+00 9.072515e-02 9.957718e-01 1.440467e-02 3.972766e-02 9.433044e-01 -9.056428e-02 3.193353e-01 1.590772e+00
3.239880e-01 -1.504977e-02 -9.459415e-01 -1.491496e+00 8.965476e-02 9.958620e-01 1.486305e-02 3.964973e-02 9.418035e-01 -8.962360e-02 3.239967e-01 1.595936e+00
3.291900e-01 -1.557072e-02 -9.441353e-01 -1.507346e+00 8.914946e-02 9.959104e-01 1.465899e-02 3.958572e-02 9.400459e-01 -8.899475e-02 3.292319e-01 1.601267e+00
3.350945e-01 -1.579390e-02 -9.420521e-01 -1.523031e+00 8.857326e-02 9.959596e-01 1.480844e-02 3.950299e-02 9.380120e-01 -8.840286e-02 3.351395e-01 1.606530e+00
3.418670e-01 -1.574884e-02 -9.396164e-01 -1.538623e+00 8.839651e-02 9.959652e-01 1.546860e-02 3.943237e-02 9.355816e-01 -8.834702e-02 3.418798e-01 1.611922e+00
3.488076e-01 -1.508633e-02 -9.370729e-01 -1.554215e+00 8.735193e-02 9.960412e-01 1.647942e-02 3.937995e-02 9.331146e-01 -8.760328e-02 3.487446e-01 1.617489e+00
3.569903e-01 -1.369460e-02 -9.340077e-01 -1.569547e+00 8.642189e-02 9.960882e-01 1.842677e-02 3.933306e-02 9.301017e-01 -8.729689e-02 3.567773e-01 1.623067e+00
3.655151e-01 -1.079778e-02 -9.307428e-01 -1.584954e+00 8.522043e-02 9.961212e-01 2.191094e-02 3.931780e-02 9.268960e-01 -8.732708e-02 3.650175e-01 1.628672e+00
3.759522e-01 -8.571604e-03 -9.265994e-01 -1.600338e+00 8.292092e-02 9.962567e-01 2.442780e-02 3.936446e-02 9.229215e-01 -8.601816e-02 3.752557e-01 1.634498e+00
3.881276e-01 -8.616961e-03 -9.215654e-01 -1.615864e+00 8.146763e-02 9.963625e-01 2.499467e-02 3.948232e-02 9.179978e-01 -8.477887e-02 3.874178e-01 1.640638e+00
4.008445e-01 -9.586773e-03 -9.160959e-01 -1.631296e+00 7.984799e-02 9.965057e-01 2.450983e-02 3.960771e-02 9.126598e-01 -8.297305e-02 4.002093e-01 1.647071e+00
4.134028e-01 -1.147250e-02 -9.104760e-01 -1.647153e+00 7.953954e-02 9.965533e-01 2.355791e-02 3.970695e-02 9.070676e-01 -8.215775e-02 4.128905e-01 1.653927e+00
4.245936e-01 -1.191534e-02 -9.053056e-01 -1.663172e+00 7.977067e-02 9.965171e-01 2.429707e-02 3.981459e-02 9.018630e-01 -8.253322e-02 4.240653e-01 1.661094e+00
4.359045e-01 -1.120283e-02 -8.999232e-01 -1.679624e+00 7.868025e-02 9.965684e-01 2.570518e-02 3.991308e-02 8.965471e-01 -8.201118e-02 4.352901e-01 1.668525e+00
4.476818e-01 -9.803578e-03 -8.941392e-01 -1.696523e+00 7.746825e-02 9.966055e-01 2.786012e-02 4.008991e-02 8.908309e-01 -8.173987e-02 4.469216e-01 1.676476e+00
4.592250e-01 -9.840788e-03 -8.882655e-01 -1.712928e+00 7.738867e-02 9.965801e-01 2.896846e-02 4.026774e-02 8.849426e-01 -8.204473e-02 4.584161e-01 1.684442e+00
4.698749e-01 -9.760037e-03 -8.826791e-01 -1.728646e+00 7.633988e-02 9.966419e-01 2.961770e-02 4.044584e-02 8.794259e-01 -8.130023e-02 4.690420e-01 1.692234e+00
4.805445e-01 -1.068054e-02 -8.769053e-01 -1.743818e+00 7.485508e-02 9.967761e-01 2.888007e-02 4.063366e-02 8.737698e-01 -7.951898e-02 4.797947e-01 1.700161e+00
4.916702e-01 -1.353309e-02 -8.706763e-01 -1.758437e+00 7.460561e-02 9.968573e-01 2.663539e-02 4.076984e-02 8.675796e-01 -7.805317e-02 4.911347e-01 1.708217e+00
5.023336e-01 -1.311035e-02 -8.645745e-01 -1.773689e+00 7.206657e-02 9.970410e-01 2.675294e-02 4.093500e-02 8.616654e-01 -7.574582e-02 5.017920e-01 1.716806e+00
5.128111e-01 -1.096728e-02 -8.584314e-01 -1.788949e+00 6.939812e-02 9.971756e-01 2.871728e-02 4.111623e-02 8.556919e-01 -7.430007e-02 5.121238e-01 1.725580e+00
5.253431e-01 -9.159028e-03 -8.508412e-01 -1.803348e+00 6.758456e-02 9.972320e-01 3.099451e-02 4.128836e-02 8.482022e-01 -7.378648e-02 5.245080e-01 1.734277e+00
5.361044e-01 -8.976870e-03 -8.441040e-01 -1.817450e+00 6.644393e-02 9.972898e-01 3.159367e-02 4.152832e-02 8.415327e-01 -7.302309e-02 5.352479e-01 1.743203e+00
5.469535e-01 -9.931161e-03 -8.371041e-01 -1.831416e+00 6.456357e-02 9.974519e-01 3.035157e-02 4.176342e-02 8.346696e-01 -7.064733e-02 5.462010e-01 1.752448e+00
5.578031e-01 -1.068246e-02 -8.299046e-01 -1.845277e+00 6.198056e-02 9.976613e-01 2.881714e-02 4.198501e-02 8.276558e-01 -6.751224e-02 5.571606e-01 1.761895e+00
5.676533e-01 -1.065679e-02 -8.231987e-01 -1.858758e+00 6.040084e-02 9.977605e-01 2.873402e-02 4.215536e-02 8.210490e-01 -6.603286e-02 5.670258e-01 1.771292e+00
5.773790e-01 -9.236073e-03 -8.164241e-01 -1.871848e+00 5.744741e-02 9.979174e-01 2.933780e-02 4.234267e-02 8.144528e-01 -6.384048e-02 5.767071e-01 1.780770e+00
5.871029e-01 -8.849973e-03 -8.094639e-01 -1.884547e+00 5.559144e-02 9.980204e-01 2.940890e-02 4.252146e-02 8.076012e-01 -6.226532e-02 5.864327e-01 1.790277e+00
5.965035e-01 -9.944363e-03 -8.025489e-01 -1.896785e+00 5.309736e-02 9.982216e-01 2.709627e-02 4.266697e-02 8.008522e-01 -5.877625e-02 5.959707e-01 1.799857e+00
6.058861e-01 -1.126697e-02 -7.954716e-01 -1.909133e+00 5.158027e-02 9.983522e-01 2.514655e-02 4.279893e-02 7.938775e-01 -5.626659e-02 6.054689e-01 1.809706e+00
6.142296e-01 -1.124159e-02 -7.890473e-01 -1.921787e+00 4.998769e-02 9.984447e-01 2.468776e-02 4.292066e-02 7.875426e-01 -5.460661e-02 6.138362e-01 1.819827e+00
6.237361e-01 -1.080465e-02 -7.815603e-01 -1.934072e+00 4.853541e-02 9.985103e-01 2.493055e-02 4.300958e-02 7.801267e-01 -5.348343e-02 6.233313e-01 1.829897e+00
6.334839e-01 -9.535430e-03 -7.736971e-01 -1.946312e+00 4.465537e-02 9.987080e-01 2.425413e-02 4.308170e-02 7.724662e-01 -4.991433e-02 6.330913e-01 1.840140e+00
6.445473e-01 -1.011012e-02 -7.644976e-01 -1.957991e+00 4.188390e-02 9.988780e-01 2.210260e-02 4.312737e-02 7.634163e-01 -4.626631e-02 6.442476e-01 1.850250e+00
6.558861e-01 -1.102617e-02 -7.547794e-01 -1.969742e+00 3.946704e-02 9.990266e-01 1.970171e-02 4.317979e-02 7.538275e-01 -4.271098e-02 6.556828e-01 1.860795e+00
6.682450e-01 -9.949978e-03 -7.438747e-01 -1.981568e+00 3.655687e-02 9.991418e-01 1.947574e-02 4.317665e-02 7.430425e-01 -4.020830e-02 6.680353e-01 1.871512e+00
6.796920e-01 -7.649023e-03 -7.334578e-01 -1.993470e+00 3.351987e-02 9.992249e-01 2.064208e-02 4.326391e-02 7.327313e-01 -3.861567e-02 6.794215e-01 1.882493e+00
6.908662e-01 -5.409995e-03 -7.229624e-01 -2.005400e+00 3.143120e-02 9.992513e-01 2.255831e-02 4.336229e-02 7.222991e-01 -3.830835e-02 6.905190e-01 1.893655e+00
7.023763e-01 -4.750562e-03 -7.117899e-01 -2.016411e+00 2.948635e-02 9.993136e-01 2.242686e-02 4.343709e-02 7.111948e-01 -3.674018e-02 7.020343e-01 1.904468e+00
7.139741e-01 -5.373980e-03 -7.001515e-01 -2.027010e+00 2.819626e-02 9.993801e-01 2.108222e-02 4.347908e-02 6.996041e-01 -3.479381e-02 7.136830e-01 1.915203e+00
7.255665e-01 -6.980711e-03 -6.881167e-01 -2.037468e+00 2.731220e-02 9.994528e-01 1.865951e-02 4.348255e-02 6.876099e-01 -3.233269e-02 7.253601e-01 1.926116e+00
7.370296e-01 -8.443231e-03 -6.758077e-01 -2.047772e+00 2.676266e-02 9.995023e-01 1.669978e-02 4.343379e-02 6.753304e-01 -3.039464e-02 7.368888e-01 1.937340e+00
7.481517e-01 -1.040970e-02 -6.634461e-01 -2.057532e+00 2.642065e-02 9.995513e-01 1.411059e-02 4.334950e-02 6.630015e-01 -2.808554e-02 7.480910e-01 1.948387e+00
7.579222e-01 -1.235200e-02 -6.522281e-01 -2.067095e+00 2.679609e-02 9.995664e-01 1.220847e-02 4.322203e-02 6.517944e-01 -2.673024e-02 7.579245e-01 1.959701e+00
7.668524e-01 -1.470016e-02 -6.416551e-01 -2.076605e+00 2.815254e-02 9.995459e-01 1.074621e-02 4.308961e-02 6.412057e-01 -2.630498e-02 7.669180e-01 1.971336e+00
7.751950e-01 -1.537907e-02 -6.315347e-01 -2.085891e+00 2.817330e-02 9.995506e-01 1.024115e-02 4.297163e-02 6.310934e-01 -2.573130e-02 7.752799e-01 1.983052e+00
7.836228e-01 -1.526384e-02 -6.210494e-01 -2.094917e+00 2.766097e-02 9.995639e-01 1.033506e-02 4.287353e-02 6.206208e-01 -2.527762e-02 7.837033e-01 1.994581e+00
7.922058e-01 -1.521550e-02 -6.100643e-01 -2.103729e+00 2.676976e-02 9.995933e-01 9.831507e-03 4.278998e-02 6.096665e-01 -2.411985e-02 7.922909e-01 2.006187e+00
8.001014e-01 -1.490565e-02 -5.996796e-01 -2.112398e+00 2.591786e-02 9.996167e-01 9.733489e-03 4.269470e-02 5.993047e-01 -2.333019e-02 8.001810e-01 2.017842e+00
8.078197e-01 -1.555128e-02 -5.892244e-01 -2.120840e+00 2.636580e-02 9.996047e-01 9.764840e-03 4.259459e-02 5.888396e-01 -2.342360e-02 8.079104e-01 2.029643e+00
8.145831e-01 -1.575516e-02 -5.798329e-01 -2.129296e+00 2.709105e-02 9.995736e-01 1.089878e-02 4.247757e-02 5.794139e-01 -2.458624e-02 8.146626e-01 2.041584e+00
8.208086e-01 -1.562454e-02 -5.709896e-01 -2.137468e+00 2.716278e-02 9.995626e-01 1.169502e-02 4.241005e-02 5.705572e-01 -2.510904e-02 8.208740e-01 2.053537e+00
8.264082e-01 -1.535974e-02 -5.628620e-01 -2.145497e+00 2.631796e-02 9.995890e-01 1.136326e-02 4.236489e-02 5.624561e-01 -2.420407e-02 8.264728e-01 2.065747e+00
8.315030e-01 -1.718587e-02 -5.552544e-01 -2.153392e+00 2.622119e-02 9.996215e-01 8.327052e-03 4.232999e-02 5.549011e-01 -2.148340e-02 8.316389e-01 2.078057e+00
8.364139e-01 -1.765041e-02 -5.478141e-01 -2.161253e+00 2.403659e-02 9.997010e-01 4.489492e-03 4.223081e-02 5.475711e-01 -1.692266e-02 8.365880e-01 2.090537e+00
8.413740e-01 -1.821713e-02 -5.401463e-01 -2.169053e+00 2.296961e-02 9.997340e-01 2.061942e-03 4.207480e-02 5.399651e-01 -1.414182e-02 8.415686e-01 2.103163e+00
8.463241e-01 -1.771972e-02 -5.323735e-01 -2.176874e+00 2.084388e-02 9.997827e-01 -1.412451e-04 4.186184e-02 5.322604e-01 -1.097719e-02 8.465095e-01 2.116028e+00
8.509701e-01 -1.820029e-02 -5.248987e-01 -2.184493e+00 1.994494e-02 9.997984e-01 -2.332023e-03 4.159525e-02 5.248353e-01 -8.484589e-03 8.511615e-01 2.128888e+00
8.555520e-01 -1.940680e-02 -5.173530e-01 -2.192057e+00 1.952427e-02 9.997958e-01 -5.216561e-03 4.126652e-02 5.173486e-01 -5.637904e-03 8.557562e-01 2.141956e+00
8.603811e-01 -2.123974e-02 -5.092084e-01 -2.199447e+00 2.044458e-02 9.997654e-01 -7.157442e-03 4.090370e-02 5.092410e-01 -4.252422e-03 8.606135e-01 2.155078e+00
8.656022e-01 -2.227735e-02 -5.002366e-01 -2.206598e+00 2.099785e-02 9.997460e-01 -8.187930e-03 4.053007e-02 5.002919e-01 -3.416405e-03 8.658501e-01 2.168326e+00
8.711745e-01 -2.283946e-02 -4.904420e-01 -2.213623e+00 2.151128e-02 9.997338e-01 -8.346155e-03 4.014997e-02 4.905020e-01 -3.279076e-03 8.714339e-01 2.181693e+00
8.768764e-01 -2.455786e-02 -4.800883e-01 -2.220513e+00 2.346737e-02 9.996904e-01 -8.274049e-03 3.975569e-02 4.801428e-01 -4.011094e-03 8.771812e-01 2.195099e+00
8.825369e-01 -2.469992e-02 -4.695939e-01 -2.227211e+00 2.412845e-02 9.996827e-01 -7.235688e-03 3.938513e-02 4.696236e-01 -4.944812e-03 8.828529e-01 2.208446e+00
8.889640e-01 -2.363587e-02 -4.573668e-01 -2.233742e+00 2.392228e-02 9.997005e-01 -5.165960e-03 3.904696e-02 4.573519e-01 -6.348907e-03 8.892631e-01 2.221765e+00
8.963132e-01 -2.104985e-02 -4.429217e-01 -2.240162e+00 2.146691e-02 9.997613e-01 -4.072384e-03 3.874859e-02 4.429016e-01 -5.858030e-03 8.965511e-01 2.235115e+00
9.046297e-01 -1.789523e-02 -4.258226e-01 -2.246219e+00 1.742919e-02 9.998356e-01 -4.991106e-03 3.845224e-02 4.258419e-01 -2.906641e-03 9.047929e-01 2.248321e+00
9.130632e-01 -1.619631e-02 -4.074964e-01 -2.251843e+00 1.437133e-02 9.998683e-01 -7.539322e-03 3.815094e-02 4.075648e-01 1.027612e-03 9.131757e-01 2.261492e+00
9.212583e-01 -1.409748e-02 -3.886958e-01 -2.257256e+00 1.161297e-02 9.998944e-01 -8.740620e-03 3.782651e-02 3.887780e-01 3.538456e-03 9.213247e-01 2.274318e+00
9.296680e-01 -1.292516e-02 -3.681717e-01 -2.262573e+00 1.020588e-02 9.999044e-01 -9.332184e-03 3.748226e-02 3.682571e-01 4.918316e-03 9.297110e-01 2.287308e+00
9.377032e-01 -1.298039e-02 -3.471947e-01 -2.267721e+00 9.949965e-03 9.998953e-01 -1.050971e-02 3.711831e-02 3.472947e-01 6.400417e-03 9.377342e-01 2.300796e+00
9.450743e-01 -1.429384e-02 -3.265428e-01 -2.272650e+00 1.064797e-02 9.998595e-01 -1.294992e-02 3.670312e-02 3.266820e-01 8.761620e-03 9.450937e-01 2.314478e+00
9.521125e-01 -1.469974e-02 -3.053943e-01 -2.277164e+00 1.024555e-02 9.998166e-01 -1.618276e-02 3.622904e-02 3.055761e-01 1.227888e-02 9.520885e-01 2.328201e+00
9.585218e-01 -1.546530e-02 -2.845993e-01 -2.281393e+00 1.012305e-02 9.997441e-01 -2.023259e-02 3.569656e-02 2.848394e-01 1.651236e-02 9.584330e-01 2.342114e+00
9.645660e-01 -1.649465e-02 -2.633254e-01 -2.285330e+00 1.076934e-02 9.996735e-01 -2.317104e-02 3.512166e-02 2.636216e-01 1.951416e-02 9.644288e-01 2.355961e+00
9.701598e-01 -1.532902e-02 -2.419816e-01 -2.288928e+00 1.008444e-02 9.996870e-01 -2.289720e-02 3.459045e-02 2.422568e-01 1.977370e-02 9.700106e-01 2.369591e+00
9.751089e-01 -1.578169e-02 -2.211640e-01 -2.292207e+00 1.139414e-02 9.997124e-01 -2.110029e-02 3.407626e-02 2.214334e-01 1.805510e-02 9.750083e-01 2.383380e+00
9.794277e-01 -1.603727e-02 -2.011570e-01 -2.295099e+00 1.224836e-02 9.997236e-01 -2.006617e-02 3.355922e-02 2.014232e-01 1.718952e-02 9.793535e-01 2.397199e+00
9.830121e-01 -1.828410e-02 -1.826280e-01 -2.297797e+00 1.446135e-02 9.996480e-01 -2.224185e-02 3.295123e-02 1.829704e-01 1.922296e-02 9.829305e-01 2.411501e+00
9.862805e-01 -1.890769e-02 -1.639916e-01 -2.300087e+00 1.516528e-02 9.995959e-01 -2.404283e-02 3.238405e-02 1.643799e-01 2.122600e-02 9.861687e-01 2.425550e+00
9.892128e-01 -1.887930e-02 -1.452638e-01 -2.302005e+00 1.537948e-02 9.995647e-01 -2.517835e-02 3.181402e-02 1.456759e-01 2.267266e-02 9.890725e-01 2.439118e+00
9.919204e-01 -1.748554e-02 -1.256512e-01 -2.303678e+00 1.433983e-02 9.995618e-01 -2.589633e-02 3.123579e-02 1.260490e-01 2.388529e-02 9.917364e-01 2.453082e+00
9.942564e-01 -1.727016e-02 -1.056222e-01 -2.305128e+00 1.452683e-02 9.995383e-01 -2.668753e-02 3.062625e-02 1.060343e-01 2.499989e-02 9.940482e-01 2.467088e+00
9.961822e-01 -1.530028e-02 -8.594715e-02 -2.306300e+00 1.308992e-02 9.995704e-01 -2.622261e-02 3.003717e-02 8.631144e-02 2.499746e-02 9.959545e-01 2.480652e+00
9.976920e-01 -1.411727e-02 -6.641863e-02 -2.307158e+00 1.245402e-02 9.996001e-01 -2.538968e-02 2.942604e-02 6.675050e-02 2.450390e-02 9.974688e-01 2.494477e+00
9.987707e-01 -1.377301e-02 -4.761637e-02 -2.307734e+00 1.265322e-02 9.996381e-01 -2.373873e-02 2.883116e-02 4.792609e-02 2.310705e-02 9.985836e-01 2.508287e+00
9.995024e-01 -1.129282e-02 -2.945367e-02 -2.308085e+00 1.065275e-02 9.997056e-01 -2.179859e-02 2.825256e-02 2.969117e-02 2.147398e-02 9.993284e-01 2.522608e+00
9.998914e-01 -1.056523e-02 -1.027014e-02 -2.308159e+00 1.035025e-02 9.997308e-01 -2.076567e-02 2.763571e-02 1.048677e-02 2.065711e-02 9.997316e-01 2.537301e+00
9.999210e-01 -9.553685e-03 8.170572e-03 -2.307881e+00 9.704049e-03 9.997805e-01 -1.856585e-02 2.705217e-02 -7.991407e-03 1.864367e-02 9.997943e-01 2.551793e+00
9.996433e-01 -8.102137e-03 2.544740e-02 -2.307337e+00 8.463916e-03 9.998642e-01 -1.414135e-02 2.654965e-02 -2.532937e-02 1.435169e-02 9.995761e-01 2.566110e+00
9.991533e-01 -6.853412e-03 4.056739e-02 -2.306675e+00 7.206868e-03 9.999373e-01 -8.572998e-03 2.611624e-02 -4.050609e-02 8.858103e-03 9.991400e-01 2.580626e+00
9.982838e-01 -5.444482e-03 5.830858e-02 -2.305712e+00 5.707982e-03 9.999742e-01 -4.353459e-03 2.574920e-02 -5.828338e-02 4.678811e-03 9.982891e-01 2.595442e+00
9.970645e-01 -3.372390e-03 7.649148e-02 -2.304366e+00 3.453456e-03 9.999936e-01 -9.275614e-04 2.544046e-02 -7.648786e-02 1.188999e-03 9.970698e-01 2.610812e+00
9.955569e-01 -1.229059e-03 9.415422e-02 -2.302796e+00 1.120815e-03 9.999986e-01 1.202527e-03 2.516592e-02 -9.415557e-02 -1.091655e-03 9.955569e-01 2.626027e+00
9.937721e-01 -1.478880e-03 1.114217e-01 -2.300956e+00 1.495899e-03 9.999989e-01 -6.914373e-05 2.483004e-02 -1.114215e-01 2.353888e-04 9.937732e-01 2.641389e+00
